一面 0.00 0.00 0.00 0.00 0.00
八十 -0.03 0.05 -0.03 -0.02 -0.06
主要 -0.09 -0.03 -0.05 -0.12 0.07
沒長進 -0.08 -0.12 -0.11 -0.07 0.01
接下來 -0.04 0.03 0.09 0.16 -0.19
連 0.00 0.00 0.00 0.00 0.00
女婿 0.17 -0.07 0.08 -0.06 -0.01
辯論 0.08 0.00 0.02 -0.02 0.02
分紅 0.06 -0.06 -0.05 -0.04 -0.03
易怒 -0.03 -0.33 -0.31 -0.31 0.14
缺憾 0.00 -0.25 -0.15 -0.17 0.08
窒息 0.00 -0.25 -0.15 -0.17 0.08
毀謗 -0.03 -0.33 -0.31 -0.31 0.14
銘印 0.03 -0.07 -0.04 -0.06 0.04
興旺 0.10 0.00 0.01 -0.04 0.06
驚慌 -0.01 -0.39 -0.12 -0.12 0.04
思量 -0.04 -0.03 -0.02 -0.09 0.07
差別 -0.04 -0.03 -0.02 -0.09 0.07
視為 -0.04 -0.03 -0.02 -0.09 0.07
緊握 -0.01 -0.09 0.04 0.02 -0.04
鬆 -0.03 -0.04 0.07 0.03 -0.08
臀部 -0.05 -0.04 -0.04 -0.04 0.02
手舞足蹈 0.03 -0.01 0.05 0.03 -0.13
房間 -0.06 0.10 0.10 0.06 -0.24
俯 -0.02 0.05 0.03 0.01 -0.04
通過 0.03 -0.01 0.05 0.03 -0.13
彈跳 0.03 -0.01 0.05 0.03 -0.13
工頭 0.06 0.07 0.04 0.01 0.04
系所 0.06 0.07 0.04 0.01 0.04
編輯部 0.06 0.07 0.04 0.01 0.04
午休 -0.03 0.07 0.03 -0.01 -0.05
發票 0.00 0.00 0.00 0.00 0.00
屠殺 -0.02 -0.04 -0.02 -0.06 0.05
呃 -0.03 0.01 0.01 -0.05 0.02
