公尺 -0.02 0.05 0.03 0.01 -0.04
尤其 0.00 0.00 0.00 0.00 0.00
此刻 -0.02 -0.10 0.06 0.06 -0.24
的 0.00 0.00 0.00 0.00 0.00
毫不 -0.08 -0.12 -0.11 -0.07 0.01
考慮 -0.04 -0.03 -0.02 -0.09 0.07
坐 0.00 0.00 0.00 0.00 0.00
走 0.03 -0.01 0.05 0.03 -0.13
信仰 -0.04 0.00 -0.02 -0.15 0.14
運用 0.00 0.00 0.00 0.00 0.00
名聲 0.05 -0.02 0.00 -0.08 0.04
宴會 0.05 0.07 0.05 -0.03 -0.03
探望 0.08 0.00 0.02 -0.02 0.02
可笑 -0.03 -0.33 -0.31 -0.31 0.14
吃驚 -0.01 -0.39 -0.12 -0.12 0.04
喜新厭舊 0.00 -0.25 -0.15 -0.17 0.08
無益 0.09 -0.29 -0.12 -0.13 0.04
全新 0.02 -0.03 0.01 -0.02 0.06
異於 0.01 -0.03 0.01 -0.02 -0.01
曖昧 -0.09 -0.03 -0.05 -0.12 0.07
合唱團 -0.06 0.07 0.02 -0.05 -0.01
鬆垮 -0.01 -0.09 0.04 0.02 -0.04
症候群 0.00 0.00 0.00 0.00 0.00
醫療 0.00 0.00 0.00 0.00 0.00
白雲蒼狗 -0.02 0.02 0.07 0.09 -0.15
拋 0.03 -0.01 0.05 0.03 -0.13
傳 0.01 0.04 0.08 0.04 -0.17
課業 0.06 0.07 0.04 0.01 0.04
天份 0.03 0.01 -0.01 0.02 -0.07
飄飄然 -0.03 0.07 0.03 -0.01 -0.05
門簾 -0.01 -0.02 0.04 0.06 -0.15
淋浴 -0.01 -0.02 0.04 0.06 -0.15
太極 0.00 0.03 0.00 -0.06 0.07
