不得 0.02 -0.03 0.01 -0.02 0.06
不講 -0.08 -0.12 -0.11 -0.07 0.01
打電話 0.08 0.00 0.02 -0.02 0.02
女友 0.18 -0.06 0.01 -0.09 -0.06
會話 0.08 0.00 0.02 -0.02 0.02
壯觀 0.10 0.00 0.01 -0.04 0.06
刺痛 -0.08 -0.37 -0.35 -0.35 0.16
脅迫 -0.03 -0.33 -0.31 -0.31 0.14
愛情 0.10 0.00 0.01 -0.04 0.06
溫柔 0.09 -0.09 0.05 -0.02 0.02
榮耀 0.13 0.01 0.00 -0.02 -0.01
纏綿 0.10 0.00 0.01 -0.04 0.06
反省 -0.04 -0.03 -0.02 -0.09 0.07
打賭 -0.09 -0.03 -0.05 -0.12 0.07
專制 -0.06 0.00 -0.04 -0.08 0.06
設定 -0.06 0.00 -0.04 -0.08 0.06
靜 -0.03 0.00 -0.01 -0.04 0.04
死屍 0.00 0.00 0.00 0.00 0.00
昏迷 0.00 0.00 0.00 0.00 0.00
政權 0.09 0.08 0.03 0.03 -0.03
展示 0.06 0.07 0.04 0.01 0.04
暑假 -0.03 0.07 0.03 -0.01 -0.05
神龕 0.00 0.03 0.00 -0.06 0.07
贖罪 0.00 0.03 0.00 -0.06 0.07
遺囑 -0.02 -0.04 -0.02 -0.06 0.05
