大約 -0.11 0.02 -0.02 -0.11 0.03
全然 0.02 -0.03 0.01 -0.02 0.06
那麼 0.00 0.00 0.00 0.00 0.00
很多 -0.09 -0.03 -0.05 -0.12 0.07
甚 0.00 0.00 0.00 0.00 0.00
常常 -0.11 -0.01 0.02 -0.03 -0.08
經常 -0.05 0.00 0.05 0.03 -0.13
隨 0.00 0.06 0.04 0.08 -0.04
總是 0.00 -0.01 0.08 0.07 -0.09
哭 0.00 0.00 0.00 0.00 0.00
妗 0.13 -0.05 0.11 0.02 -0.05
叔 0.13 -0.05 0.11 0.02 -0.05
孩子 0.17 -0.07 0.08 -0.06 -0.01
搭檔 0.18 -0.06 0.01 -0.09 -0.06
吻 0.17 -0.02 0.01 -0.08 0.15
創傷 0.00 -0.25 -0.15 -0.17 0.08
讚嘆 0.06 -0.03 -0.01 -0.13 0.13
信念 -0.04 0.00 -0.02 -0.15 0.14
乳 0.00 0.00 0.00 0.00 0.00
直立 -0.02 0.05 0.03 0.01 -0.04
速度 -0.02 0.02 0.07 0.09 -0.15
渡過 0.06 0.00 0.04 0.05 -0.20
增進 0.09 0.08 0.03 0.03 -0.03
員工 0.09 0.08 0.03 0.03 -0.03
徵募 0.06 0.07 0.04 0.01 0.04
野營 -0.03 0.07 0.03 -0.01 -0.05
歌詞 -0.03 0.07 0.03 -0.01 -0.05
借 0.00 0.00 0.00 0.00 0.00
真主 0.00 0.03 0.00 -0.06 0.07
