不知所措 -0.09 -0.63 -0.23 -0.18 0.04
不是 -0.08 -0.12 -0.11 -0.07 0.01
決不 -0.06 -0.15 -0.10 -0.09 0.07
非常 0.02 -0.03 0.01 -0.02 0.06
班 0.06 0.07 0.04 0.01 0.04
啊 -0.03 0.01 0.01 -0.05 0.02
這麼 0.00 0.00 0.00 0.00 0.00
最近 -0.02 0.02 0.07 0.09 -0.15
嗎 0.00 0.00 0.00 0.00 0.00
過去 -0.02 0.02 0.07 0.09 -0.15
諸 0.00 0.00 0.00 0.00 0.00
送 0.11 -0.01 0.07 0.01 -0.11
姑丈 0.13 -0.05 0.11 0.02 -0.05
哈囉 0.08 0.00 0.02 -0.02 0.02
孫兒 0.13 -0.05 0.11 0.02 -0.05
熟人 0.14 -0.04 0.04 -0.01 -0.10
坦率 0.06 -0.03 -0.01 -0.13 0.13
怒斥 -0.03 -0.33 -0.31 -0.31 0.14
挑剔 -0.03 -0.33 -0.31 -0.31 0.14
美麗 0.10 0.09 0.01 -0.07 0.11
僵冷 -0.05 -0.29 -0.19 -0.21 0.10
樂得 0.10 0.00 0.01 -0.04 0.06
嚮往 0.00 -0.09 -0.06 -0.12 0.06
全盤 0.02 -0.03 0.01 -0.02 0.06
想不 -0.04 -0.03 -0.02 -0.09 0.07
意欲 -0.04 -0.03 -0.02 -0.09 0.07
軟 -0.01 -0.09 0.04 0.02 -0.04
子宮 0.02 -0.06 -0.04 -0.08 0.11
做愛 0.07 -0.02 0.00 -0.04 0.09
超重 0.00 0.00 0.00 0.00 0.00
腱 -0.05 -0.04 -0.04 -0.04 0.02
膽固醇 0.00 0.00 0.00 0.00 0.00
老 -0.02 0.02 0.07 0.09 -0.15
拆散 -0.02 0.05 0.03 0.01 -0.04
副本 0.06 0.07 0.04 0.01 0.04
機構 0.09 0.08 0.03 0.03 -0.03
打獵 -0.03 0.07 0.03 -0.01 -0.05
馬丁路德 0.00 0.03 0.00 -0.06 0.07
嘖嘖 0.01 0.02 0.00 -0.04 0.04
