人人 0.17 -0.15 0.07 -0.02 0.02
不亦 -0.08 -0.12 -0.11 -0.07 0.01
不覺 -0.08 -0.12 -0.11 -0.07 0.01
各式各樣 0.00 0.00 0.00 0.00 0.00
成為 -0.02 -0.05 -0.02 -0.10 -0.03
相 0.00 0.00 0.00 0.00 0.00
頁 0.00 0.00 0.00 0.00 0.00
現今 -0.02 -0.10 0.06 0.06 -0.24
廢物 -0.01 0.00 -0.14 -0.11 0.08
女童 0.12 -0.02 -0.01 -0.10 0.06
姐 0.13 -0.05 0.11 0.02 -0.05
會員 0.12 -0.02 -0.01 -0.10 0.06
目瞪口呆 0.00 -0.16 -0.15 -0.20 0.13
批判 -0.03 -0.33 -0.31 -0.31 0.14
捐贈 0.03 -0.07 -0.04 -0.06 0.04
嫉 -0.03 -0.33 -0.31 -0.31 0.14
加劇 -0.02 -0.05 -0.02 -0.10 -0.03
判斷 -0.04 -0.03 -0.02 -0.09 0.07
侷限 -0.06 0.00 -0.04 -0.08 0.06
保重 -0.06 0.00 -0.04 -0.08 0.06
造福 -0.02 -0.05 -0.02 -0.10 -0.03
激發 -0.03 -0.02 -0.02 -0.06 0.02
敲 -0.01 -0.09 0.04 0.02 -0.04
肌 -0.05 -0.04 -0.04 -0.04 0.02
撤退 0.00 0.00 0.00 0.00 0.00
上文 -0.02 0.05 0.03 0.01 -0.04
對角 -0.02 0.05 0.03 0.01 -0.04
橫越 -0.02 0.05 0.03 0.01 -0.04
遺留 0.03 -0.01 0.05 0.03 -0.13
文獻 0.06 0.07 0.04 0.01 0.04
加盟 0.06 0.07 0.04 0.01 0.04
市場 0.06 0.07 0.04 0.01 0.04
好學 0.06 0.07 0.04 0.01 0.04
法官 0.06 0.07 0.04 0.01 0.04
樂團 -0.03 0.07 0.03 -0.01 -0.05
戲劇 -0.03 0.07 0.03 -0.01 -0.05
買賣 0.00 0.00 0.00 0.00 0.00
