七萬 -0.03 0.05 -0.03 -0.02 -0.06
造成 0.01 -0.04 -0.03 -0.08 -0.10
賤人 0.03 -0.35 -0.45 -0.46 0.31
勸告 0.14 0.07 0.06 -0.01 0.06
保衛 -0.03 -0.07 -0.08 -0.14 0.10
整齊 0.09 -0.02 0.05 0.02 -0.09
興致 0.10 0.00 0.01 -0.04 0.06
艱困 0.00 -0.25 -0.15 -0.17 0.08
間接 -0.09 -0.03 -0.05 -0.12 0.07
遏 -0.06 0.00 -0.04 -0.08 0.06
音樂會 -0.06 0.07 0.02 -0.05 -0.01
聽取 -0.03 0.00 -0.01 -0.04 0.04
上衣 -0.05 -0.04 -0.04 -0.04 0.02
手術室 0.00 0.00 0.00 0.00 0.00
牙科 0.00 0.00 0.00 0.00 0.00
丘疹 0.00 0.00 0.00 0.00 0.00
噎 0.00 0.00 0.00 0.00 0.00
懷孕 0.07 -0.02 0.00 -0.04 0.09
北方 -0.02 0.05 0.03 0.01 -0.04
鄉下 -0.02 0.05 0.03 0.01 -0.04
備忘 0.06 0.07 0.04 0.01 0.04
應用 0.06 0.07 0.04 0.01 0.04
血拼 0.00 0.00 0.00 0.00 0.00
獨占 0.00 0.00 0.00 0.00 0.00
掃墓 -0.02 -0.04 -0.02 -0.06 0.05
