不然 -0.18 -0.13 -0.18 -0.20 0.15
立刻 -0.04 0.03 0.09 0.16 -0.19
或者 -0.09 -0.03 -0.05 -0.12 0.07
抵達 0.03 -0.01 0.05 0.03 -0.13
個體 0.08 0.00 0.02 -0.02 0.02
措詞 0.08 0.00 0.02 -0.02 0.02
公憤 -0.03 -0.33 -0.31 -0.31 0.14
孝敬 0.10 0.00 0.01 -0.04 0.06
投入 0.07 -0.02 -0.01 -0.10 0.08
忠孝 0.10 0.00 0.01 -0.04 0.06
喪心 0.00 -0.25 -0.15 -0.17 0.08
絕望 0.00 -0.37 -0.15 -0.16 0.07
瘋 0.00 -0.25 -0.15 -0.17 0.08
輕忽 -0.04 -0.25 -0.19 -0.24 0.17
驚嚇 -0.01 -0.39 -0.12 -0.12 0.04
看來 -0.09 0.06 -0.05 -0.15 0.12
源頭 -0.04 -0.03 0.05 -0.01 -0.18
監察 -0.06 0.00 -0.04 -0.08 0.06
篤信 -0.04 -0.03 -0.02 -0.09 0.07
鳴叫 -0.03 0.00 -0.01 -0.04 0.04
足科 0.00 0.00 0.00 0.00 0.00
陰部 0.02 -0.06 -0.04 -0.08 0.11
陰道 0.02 -0.06 -0.04 -0.08 0.11
煮沸 0.00 0.00 0.00 0.00 0.00
體重 0.00 0.00 0.00 0.00 0.00
伸長 -0.02 0.05 0.03 0.01 -0.04
週年 -0.02 0.02 0.07 0.09 -0.15
遊歷 0.03 -0.01 0.05 0.03 -0.13
學徒 0.06 0.07 0.04 0.01 0.04
能手 0.03 0.01 -0.01 0.02 -0.07
體育 -0.03 0.07 0.03 -0.01 -0.05
屋主 -0.01 -0.02 0.04 0.06 -0.15
