不捨 -0.08 -0.12 -0.11 -0.07 0.01
不愧 -0.08 -0.12 -0.11 -0.07 0.01
任何 -0.09 -0.03 -0.05 -0.12 0.07
個 0.00 0.00 0.00 0.00 0.00
最 -0.03 -0.02 -0.02 -0.06 0.02
管理 0.03 0.08 -0.01 -0.05 0.03
適合 0.07 -0.02 -0.01 -0.10 0.08
仁至義盡 0.08 0.00 0.02 -0.02 0.02
打仗 -0.03 -0.33 -0.31 -0.31 0.14
高貴 0.10 0.00 0.01 -0.04 0.06
適當 0.13 0.01 0.00 -0.02 -0.01
分清 -0.04 -0.03 -0.02 -0.09 0.07
有異 -0.06 0.00 -0.04 -0.08 0.06
延緩 -0.08 0.02 0.03 0.01 -0.09
知情 -0.04 -0.03 -0.02 -0.09 0.07
停電 -0.06 0.00 -0.04 -0.08 0.06
停駛 -0.06 0.00 -0.04 -0.08 0.06
沙 -0.01 -0.09 0.04 0.02 -0.04
刺 -0.01 -0.09 0.04 0.02 -0.04
痠 -0.01 -0.09 0.04 0.02 -0.04
觀照 0.00 0.09 0.00 -0.03 0.05
白血病 0.00 0.00 0.00 0.00 0.00
威士忌 -0.03 0.07 0.03 -0.01 -0.05
醫師 0.06 0.07 0.04 0.01 0.04
年次 -0.02 0.02 0.07 0.09 -0.15
逃債 0.03 -0.01 0.05 0.03 -0.13
邊緣 -0.02 0.05 0.03 0.01 -0.04
驅動 0.03 -0.01 0.05 0.03 -0.13
派對 -0.03 0.07 0.03 -0.01 -0.05
後院 -0.01 -0.02 0.04 0.06 -0.15
