至於 0.00 0.06 0.04 0.08 -0.04
每當 0.04 -0.02 0.11 0.11 -0.12
替 0.00 0.06 0.04 0.08 -0.04
幫 0.00 0.06 0.04 0.08 -0.04
雖 0.00 0.00 0.00 0.00 0.00
死 -0.07 -0.33 -0.21 -0.27 0.15
停止 -0.05 0.01 0.08 0.04 -0.22
士兵 0.08 0.00 0.02 -0.02 0.02
男人 0.12 -0.02 -0.01 -0.10 0.06
前妻 0.13 -0.05 0.11 0.02 -0.05
歡迎 0.18 0.00 0.03 -0.06 0.08
歪曲 0.00 -0.25 -0.15 -0.17 0.08
衰 0.00 -0.25 -0.15 -0.17 0.08
喜上眉稍 0.10 0.00 0.01 -0.04 0.06
精力 0.03 -0.07 -0.04 -0.06 0.04
獲勝 0.16 0.15 0.07 -0.02 -0.02
委任 -0.03 -0.02 -0.02 -0.06 0.02
根基 -0.02 -0.05 -0.02 -0.10 -0.03
謎 -0.09 -0.03 -0.05 -0.12 0.07
反胃 0.00 0.00 0.00 0.00 0.00
加護 0.00 0.00 0.00 0.00 0.00
外圍 -0.02 0.05 0.03 0.01 -0.04
學年 0.06 0.07 0.04 0.01 0.04
學業 0.06 0.07 0.04 0.01 0.04
稽核 0.00 0.00 0.00 0.00 0.00
