不該 -0.08 -0.12 -0.11 -0.07 0.01
何處 -0.02 0.05 0.03 0.01 -0.04
沒正經 -0.08 -0.12 -0.11 -0.07 0.01
玖 -0.03 0.05 -0.03 -0.02 -0.06
卻 0.00 0.00 0.00 0.00 0.00
是 0.01 0.02 0.00 -0.04 0.04
數 -0.03 0.05 -0.03 -0.02 -0.06
使 -0.02 -0.05 -0.02 -0.10 -0.03
拷 -0.01 0.00 -0.14 -0.11 0.08
百姓 0.12 -0.02 -0.01 -0.10 0.06
武裝 0.08 0.00 0.02 -0.02 0.02
辱罵 0.05 -0.33 -0.29 -0.33 0.16
自由 0.10 0.00 0.01 -0.04 0.06
忠實 0.10 0.00 0.01 -0.04 0.06
爽約 0.00 -0.25 -0.15 -0.17 0.08
糟蹋 -0.03 -0.33 -0.31 -0.31 0.14
永久 0.00 -0.01 0.08 0.07 -0.09
找 -0.04 -0.03 -0.02 -0.09 0.07
武斷 -0.03 -0.02 -0.02 -0.06 0.02
碰巧 -0.11 -0.01 0.02 -0.03 -0.08
吵鬧 -0.03 0.00 -0.01 -0.04 0.04
輕柔 -0.04 -0.09 0.03 -0.02 0.00
牙床 -0.05 -0.04 -0.04 -0.04 0.02
麻痺 0.00 0.00 0.00 0.00 0.00
賀爾蒙 0.00 0.00 0.00 0.00 0.00
點心 0.00 0.00 0.00 0.00 0.00
越過 0.01 0.04 0.08 0.04 -0.17
滑落 0.03 -0.01 0.05 0.03 -0.13
學術 0.06 0.07 0.04 0.01 0.04
玩偶 -0.03 0.07 0.03 -0.01 -0.05
莊園 -0.03 0.07 0.03 -0.01 -0.05
租約 -0.01 -0.02 0.04 0.06 -0.15
草坪 -0.01 -0.02 0.04 0.06 -0.15
莊家 0.00 0.00 0.00 0.00 0.00
孝服 -0.02 -0.04 -0.02 -0.06 0.05
