九百 -0.03 0.05 -0.03 -0.02 -0.06
天賦 0.10 0.00 0.01 -0.04 0.06
自信 0.15 -0.02 0.01 -0.04 0.05
勇氣 0.10 0.00 0.01 -0.04 0.06
破壞 -0.03 -0.33 -0.31 -0.31 0.14
善意 0.10 0.00 0.01 -0.04 0.06
看望 0.00 0.09 0.00 -0.03 0.05
奶 0.00 0.00 0.00 0.00 0.00
哽 0.00 0.00 0.00 0.00 0.00
居中 -0.02 0.05 0.03 0.01 -0.04
圍繞 -0.02 0.05 0.03 0.01 -0.04
週末 -0.05 0.09 0.10 0.08 -0.20
遍及 -0.02 0.05 0.03 0.01 -0.04
臨近 0.03 -0.01 0.05 0.03 -0.13
心理學 0.06 0.07 0.04 0.01 0.04
警力 0.06 0.07 0.04 0.01 0.04
椅墊 -0.01 -0.02 0.04 0.06 -0.15
窗簾 -0.01 -0.02 0.04 0.06 -0.15
微波爐 -0.01 -0.02 0.04 0.06 -0.15
禮拜堂 0.00 0.03 0.00 -0.06 0.07
