自己 0.24 -0.29 0.08 -0.04 -0.14
吾等 0.15 -0.12 0.06 0.00 -0.04
究竟 -0.03 -0.06 -0.02 -0.13 0.02
秒 -0.02 0.02 0.07 0.09 -0.15
特別 0.00 0.00 0.00 0.00 0.00
瓶 0.00 0.00 0.00 0.00 0.00
公認 0.09 -0.04 0.03 -0.07 0.13
打架 0.05 -0.33 -0.29 -0.33 0.16
婚禮 0.08 0.00 0.02 -0.02 0.02
氣憤 -0.03 -0.33 -0.31 -0.31 0.14
惡狠狠 -0.03 -0.33 -0.31 -0.31 0.14
愛護 0.10 0.00 0.01 -0.04 0.06
頑強 -0.03 -0.33 -0.31 -0.31 0.14
驚奇 0.10 0.00 0.01 -0.04 0.06
加重 -0.02 -0.05 -0.02 -0.10 -0.03
而是 -0.04 0.00 -0.04 -0.07 0.09
耽擱 -0.02 0.09 0.07 0.02 -0.05
教訓 -0.04 0.00 -0.05 -0.09 0.04
發亮 0.00 0.09 0.00 -0.03 0.05
微亮 0.00 0.09 0.00 -0.03 0.05
腫 0.00 0.00 0.00 0.00 0.00
摟抱 0.07 -0.02 0.00 -0.04 0.09
前面 -0.02 0.05 0.03 0.01 -0.04
計謀 0.03 0.01 -0.01 0.02 -0.07
高粱 -0.03 0.07 0.03 -0.01 -0.05
樂隊 -0.03 0.07 0.03 -0.01 -0.05
零售 0.00 0.00 0.00 0.00 0.00
