一切 0.09 -0.15 0.05 0.00 0.00
乃是 0.00 0.00 0.00 0.00 0.00
予以 0.00 0.00 0.00 0.00 0.00
以 0.00 0.06 0.04 0.08 -0.04
以來 0.00 0.00 0.00 0.00 0.00
兩億 -0.03 0.05 -0.03 -0.02 -0.06
其他 0.08 -0.15 0.05 0.00 -0.07
屆時 -0.02 0.01 0.02 0.07 -0.04
咱 0.15 -0.12 0.06 0.00 -0.04
允許 0.05 -0.06 0.00 -0.15 0.04
出發 0.03 -0.01 0.05 0.03 -0.13
爸爸 0.13 -0.05 0.11 0.02 -0.05
有力 0.03 -0.07 -0.04 -0.06 0.04
無懼 0.10 0.00 0.01 -0.04 0.06
感激 0.10 0.00 0.01 -0.04 0.06
僵硬 -0.05 -0.29 -0.19 -0.21 0.10
憂慮 -0.01 -0.39 -0.12 -0.12 0.04
輸家 0.03 -0.36 -0.16 -0.14 0.00
褻瀆 -0.03 -0.33 -0.31 -0.31 0.14
嚴峻 -0.06 -0.25 -0.19 -0.25 0.14
形成 -0.03 -0.02 -0.02 -0.06 0.02
負責 0.06 0.06 0.01 -0.03 -0.01
節制 -0.06 0.00 -0.04 -0.08 0.06
垂涎 -0.05 -0.04 -0.04 -0.04 0.02
性命 0.00 0.00 0.00 0.00 0.00
拉長 -0.02 0.05 0.03 0.01 -0.04
爬 0.03 -0.01 0.05 0.03 -0.13
時光 -0.02 0.02 0.07 0.09 -0.15
消逝 -0.02 0.02 0.07 0.09 -0.15
掉 0.03 -0.01 0.05 0.03 -0.13
歲月如梭 -0.02 0.02 0.07 0.09 -0.15
結合 0.06 0.07 0.04 0.01 0.04
海邊 -0.03 0.07 0.03 -0.01 -0.05
貪財 0.00 0.00 0.00 0.00 0.00
信教 0.00 0.03 0.00 -0.06 0.07
滅種 -0.02 -0.04 -0.02 -0.06 0.05
