一億 -0.03 0.05 -0.03 -0.02 -0.06
不吉 -0.08 -0.12 -0.11 -0.07 0.01
外 -0.02 0.05 0.03 0.01 -0.04
更多 0.00 0.00 0.00 0.00 0.00
寧願 -0.04 0.00 -0.04 -0.07 0.09
打 0.00 -0.25 -0.15 -0.17 0.08
睡 -0.06 -0.06 0.00 0.02 -0.13
孩童 0.12 -0.02 -0.01 -0.10 0.06
慈母 0.08 0.00 0.02 -0.02 0.02
作嘔 -0.03 -0.33 -0.31 -0.31 0.14
宏偉 0.10 0.00 0.01 -0.04 0.06
害羞 -0.01 -0.39 -0.12 -0.12 0.04
真誠 0.10 0.00 0.01 -0.04 0.06
爽心 0.10 0.00 0.01 -0.04 0.06
悲憤 0.00 -0.37 -0.15 -0.16 0.07
毀壞 -0.03 -0.45 -0.31 -0.30 0.13
獎賞 0.19 0.08 0.04 -0.01 0.03
艱鉅 0.00 -0.25 -0.15 -0.17 0.08
取決 -0.09 -0.03 -0.05 -0.12 0.07
神秘 -0.09 -0.03 -0.05 -0.12 0.07
停業 -0.06 0.00 -0.04 -0.08 0.06
推測 -0.10 -0.04 -0.05 -0.15 0.12
牽涉 -0.02 -0.05 -0.02 -0.10 -0.03
猜不透 -0.09 -0.03 -0.05 -0.12 0.07
徵兆 -0.03 -0.02 -0.02 -0.06 0.02
覺察 -0.04 -0.03 -0.02 -0.09 0.07
甘甜 0.00 0.00 0.00 0.00 0.00
呼喊 -0.03 0.00 -0.01 -0.04 0.04
黯淡 0.00 0.09 0.00 -0.03 0.05
貞操 0.07 -0.02 0.00 -0.04 0.09
愛滋病 0.07 -0.02 0.00 -0.04 0.09
睪 0.00 0.00 0.00 0.00 0.00
餵 0.00 0.00 0.00 0.00 0.00
太空 -0.02 0.05 0.03 0.01 -0.04
那邊 -0.02 0.05 0.03 0.01 -0.04
一流 0.03 0.01 -0.01 0.02 -0.07
任天堂 -0.03 0.07 0.03 -0.01 -0.05
耶路撒冷 0.00 0.03 0.00 -0.06 0.07
葬禮 -0.02 -0.04 -0.02 -0.06 0.05
遺書 -0.02 -0.04 -0.02 -0.06 0.05
