之 0.00 0.00 0.00 0.00 0.00
正 0.10 -0.12 0.00 -0.07 -0.03
局部 -0.05 0.03 0.01 -0.05 -0.02
事事 0.09 -0.15 0.05 0.00 0.00
無視 -0.08 -0.12 -0.11 -0.07 0.01
對 0.04 0.01 0.00 -0.02 0.04
顯示 -0.04 -0.03 -0.02 -0.09 0.07
該死 -0.04 -0.33 -0.45 -0.42 0.22
分攤 0.08 0.00 0.02 -0.02 0.02
稱讚 0.21 0.01 0.02 -0.04 0.01
充沛 0.10 0.00 0.01 -0.04 0.06
忽視 -0.06 -0.37 -0.19 -0.24 0.13
美味 0.10 0.00 0.01 -0.04 0.06
精彩 0.10 0.00 0.01 -0.04 0.06
驚歎 0.10 0.00 0.01 -0.04 0.06
驚駭 -0.01 -0.39 -0.12 -0.12 0.04
禁 -0.06 0.00 -0.04 -0.08 0.06
外面 -0.02 0.05 0.03 0.01 -0.04
計量 -0.02 0.05 0.03 0.01 -0.04
文憑 0.06 0.07 0.04 0.01 0.04
忙碌 0.06 0.07 0.04 0.01 0.04
成績 0.06 0.07 0.04 0.01 0.04
師兄 0.06 0.07 0.04 0.01 0.04
經理 0.06 0.07 0.04 0.01 0.04
暖爐 -0.01 -0.02 0.04 0.06 -0.15
東正教 0.00 0.03 0.00 -0.06 0.07
