之中 -0.02 0.05 0.03 0.01 -0.04
到底 0.00 0.00 0.00 0.00 0.00
剩下 0.00 0.00 0.00 0.00 0.00
遍 0.00 0.00 0.00 0.00 0.00
簡單 0.00 0.00 0.00 0.00 0.00
抱 0.17 -0.02 0.01 -0.08 0.15
弟 0.13 -0.05 0.11 0.02 -0.05
功勞 0.16 0.07 0.05 -0.03 0.10
死刑 -0.02 -0.29 -0.17 -0.23 0.13
冠軍 0.19 0.08 0.04 -0.01 0.03
喪盡 0.00 -0.25 -0.15 -0.17 0.08
擔憂 -0.01 -0.39 -0.12 -0.12 0.04
相加 0.01 -0.03 0.01 -0.02 -0.01
記住 -0.04 -0.03 -0.02 -0.09 0.07
禁不 -0.06 0.00 -0.04 -0.08 0.06
奪 -0.01 -0.09 0.04 0.02 -0.04
乳製品 0.00 0.00 0.00 0.00 0.00
飽 0.00 0.00 0.00 0.00 0.00
膀胱 -0.05 -0.04 -0.04 -0.04 0.02
醫院 0.00 0.00 0.00 0.00 0.00
護理 0.00 0.00 0.00 0.00 0.00
上部 -0.04 0.07 0.10 0.10 -0.19
白晝 -0.02 0.02 0.07 0.09 -0.15
年齡 -0.02 0.02 0.07 0.09 -0.15
來生 0.00 0.00 0.00 0.00 0.00
突破 0.00 0.00 0.00 0.00 0.00
轉彎 -0.02 0.05 0.03 0.01 -0.04
命題 0.06 0.07 0.04 0.01 0.04
驅策 0.03 0.01 -0.01 0.02 -0.07
旅館 -0.03 0.07 0.03 -0.01 -0.05
月入 0.00 0.00 0.00 0.00 0.00
查帳 0.00 0.00 0.00 0.00 0.00
通貨 0.00 0.00 0.00 0.00 0.00
幣 0.00 0.00 0.00 0.00 0.00
墓 -0.02 -0.04 -0.02 -0.06 0.05
