幾乎 -0.09 -0.03 -0.05 -0.12 0.07
等 -0.06 0.00 -0.04 -0.08 0.06
女方 0.12 -0.02 -0.01 -0.10 0.06
交往 0.11 -0.07 -0.02 -0.08 0.06
阿公 0.13 -0.05 0.11 0.02 -0.05
庇護 0.10 0.03 0.01 -0.10 0.13
臭 0.00 -0.25 -0.15 -0.17 0.08
解決 0.10 -0.05 -0.02 -0.15 0.01
難聞 0.00 -0.25 -0.15 -0.17 0.08
因果 -0.02 -0.05 -0.02 -0.10 -0.03
守舊 -0.06 0.00 -0.04 -0.08 0.06
捕捉 -0.06 0.00 -0.04 -0.08 0.06
豁然開朗 -0.04 -0.03 -0.02 -0.09 0.07
乾枯 -0.01 -0.09 0.04 0.02 -0.04
沈溺 0.00 0.00 0.00 0.00 0.00
頭髮 -0.05 -0.04 -0.04 -0.04 0.02
汽車 0.03 -0.01 0.05 0.03 -0.13
後退 -0.02 0.05 0.03 0.01 -0.04
狹窄 -0.02 0.05 0.03 0.01 -0.04
週日 -0.02 0.02 0.07 0.09 -0.15
前輩 0.06 0.07 0.04 0.01 0.04
紀錄 0.06 0.07 0.04 0.01 0.04
籃球 -0.03 0.07 0.03 -0.01 -0.05
現金 0.00 0.00 0.00 0.00 0.00
魔王 0.00 0.03 0.00 -0.06 0.07
