二千 -0.03 0.05 -0.03 -0.02 -0.06
不佳 -0.08 -0.12 -0.11 -0.07 0.01
不敢 -0.08 -0.12 -0.11 -0.07 0.01
另外 0.00 0.00 0.00 0.00 0.00
即刻 -0.02 0.02 0.07 0.09 -0.15
座 0.00 0.00 0.00 0.00 0.00
敢 0.00 0.00 0.00 0.00 0.00
顯得 0.00 0.00 0.00 0.00 0.00
女朋友 0.18 -0.06 0.01 -0.09 -0.06
商討 0.08 0.00 0.02 -0.02 0.02
夥伴 0.18 -0.06 0.01 -0.09 -0.06
樂意 0.18 0.00 0.03 -0.06 0.08
用力 0.03 -0.07 -0.04 -0.06 0.04
多情 0.03 -0.07 -0.04 -0.06 0.04
有利 0.10 0.00 0.01 -0.04 0.06
死人 -0.02 -0.29 -0.17 -0.23 0.13
侵犯 -0.03 -0.33 -0.31 -0.31 0.14
疲於奔命 0.00 -0.25 -0.15 -0.17 0.08
傷殘 0.00 -0.37 -0.15 -0.16 0.07
摧毀 0.00 -0.37 -0.15 -0.16 0.07
歎為觀止 0.10 0.00 0.01 -0.04 0.06
遲到 -0.02 -0.23 -0.08 -0.08 -0.07
濫用 -0.03 -0.33 -0.31 -0.31 0.14
驚悚 -0.01 -0.39 -0.12 -0.12 0.04
決然 -0.04 -0.03 -0.02 -0.09 0.07
納悶 -0.10 -0.04 -0.05 -0.15 0.12
動機 0.01 -0.04 -0.03 -0.08 -0.10
參考 -0.04 -0.03 -0.02 -0.09 0.07
想來想去 -0.04 -0.03 -0.02 -0.09 0.07
經驗 -0.01 -0.02 -0.03 -0.07 0.00
撤銷 -0.06 0.00 -0.04 -0.08 0.06
肉體 -0.05 -0.04 -0.04 -0.04 0.02
吻痕 0.07 -0.02 0.00 -0.04 0.09
裸露 0.02 -0.06 -0.04 -0.08 0.11
反向 -0.02 0.05 0.03 0.01 -0.04
底部 -0.02 0.05 0.03 0.01 -0.04
長生 -0.04 0.01 0.05 -0.03 -0.03
巔峰 0.03 0.01 -0.01 0.02 -0.07
伏特加 -0.03 0.07 0.03 -0.01 -0.05
匯票 0.00 0.00 0.00 0.00 0.00
