千千 0.00 0.00 0.00 0.00 0.00
四百 -0.03 0.05 -0.03 -0.02 -0.06
更 0.00 0.00 0.00 0.00 0.00
則 0.00 0.00 0.00 0.00 0.00
般 0.00 0.00 0.00 0.00 0.00
僅僅 -0.04 0.00 -0.04 -0.07 0.09
注意 -0.04 0.06 -0.02 -0.12 0.12
伯母 0.13 -0.05 0.11 0.02 -0.05
男方 0.12 -0.02 -0.01 -0.10 0.06
供應 0.08 0.00 0.02 -0.02 0.02
分散 0.03 -0.07 -0.04 -0.06 0.04
正面 0.10 0.02 0.05 -0.05 0.08
笑 0.10 0.00 0.01 -0.04 0.06
草率 0.00 -0.25 -0.15 -0.17 0.08
痴狂 0.03 -0.07 -0.04 -0.06 0.04
瞧不起 -0.03 -0.33 -0.31 -0.31 0.14
體貼 0.10 0.00 0.01 -0.04 0.06
彷彿 -0.09 -0.03 -0.05 -0.12 0.07
某些 -0.09 -0.03 -0.05 -0.12 0.07
帶有 0.01 -0.03 0.01 -0.02 -0.01
証明 0.01 -0.04 0.01 -0.05 0.11
開 0.02 0.01 0.09 0.02 -0.18
粗糙 -0.01 -0.09 0.04 0.02 -0.04
感官 -0.05 -0.04 -0.04 -0.04 0.02
雙性戀 0.07 -0.02 0.00 -0.04 0.09
半夜 -0.02 0.02 0.07 0.09 -0.15
單行 -0.02 0.05 0.03 0.01 -0.04
程度 0.00 0.00 0.00 0.00 0.00
碰頭 -0.02 0.05 0.03 0.01 -0.04
邊 -0.02 0.05 0.03 0.01 -0.04
代表隊 0.06 0.07 0.04 0.01 0.04
合法 0.06 0.07 0.04 0.01 0.04
部落格 -0.03 0.07 0.03 -0.01 -0.05
演員 -0.03 0.07 0.03 -0.01 -0.05
微波 -0.01 -0.02 0.04 0.06 -0.15
倫理 0.00 0.03 0.00 -0.06 0.07
事故 -0.02 -0.04 -0.02 -0.06 0.05
