大部分 -0.09 -0.03 -0.05 -0.12 0.07
自身 0.07 -0.12 0.04 0.02 -0.06
那位 0.15 -0.12 0.06 0.00 -0.04
哎 0.00 0.00 0.00 0.00 0.00
無心 -0.08 -0.12 -0.11 -0.07 0.01
項 0.00 0.00 0.00 0.00 0.00
主張 0.08 0.00 0.02 -0.02 0.02
傾聽 0.05 0.00 0.01 -0.06 0.06
聯絡 0.08 0.00 0.02 -0.02 0.02
放棄 0.00 -0.37 -0.15 -0.16 0.07
悲傷 -0.02 -0.41 -0.17 -0.22 0.12
損害 -0.03 -0.45 -0.31 -0.30 0.13
因之 -0.02 -0.05 -0.02 -0.10 -0.03
乾澀 -0.01 -0.09 0.04 0.02 -0.04
燒 -0.01 -0.09 0.04 0.02 -0.04
打瞌睡 -0.03 0.07 0.03 -0.01 -0.05
老花眼 0.00 0.00 0.00 0.00 0.00
依偎 0.07 -0.02 0.00 -0.04 0.09
駝背 -0.05 -0.04 -0.04 -0.04 0.02
上方 -0.02 0.05 0.03 0.01 -0.04
背離 0.03 -0.01 0.05 0.03 -0.13
上流 0.06 0.07 0.04 0.01 0.04
學園 0.06 0.07 0.04 0.01 0.04
雅房 -0.01 -0.02 0.04 0.06 -0.15
審計 0.00 0.00 0.00 0.00 0.00
入殮 -0.02 -0.04 -0.02 -0.06 0.05
