早日 -0.04 0.03 0.09 0.16 -0.19
沒用 -0.08 -0.12 -0.11 -0.07 0.01
兩兆 -0.03 0.05 -0.03 -0.02 -0.06
拾 -0.03 0.05 -0.03 -0.02 -0.06
無暇 -0.05 -0.19 -0.15 -0.13 0.05
操 -0.04 -0.33 -0.45 -0.42 0.22
忌妒 0.05 -0.33 -0.29 -0.33 0.16
男孩 0.12 -0.02 -0.01 -0.10 0.06
心煩意亂 -0.01 -0.39 -0.12 -0.12 0.04
無知 0.03 -0.07 -0.04 -0.06 0.04
損人 -0.03 -0.33 -0.31 -0.31 0.14
封殺 -0.06 0.00 -0.04 -0.08 0.06
絲路 -0.04 -0.03 -0.02 -0.09 0.07
乾燥 -0.01 -0.09 0.04 0.02 -0.04
排汗 -0.05 -0.04 -0.04 -0.04 0.02
蘇打 0.00 0.00 0.00 0.00 0.00
先前 -0.02 0.02 0.07 0.09 -0.15
秋季 -0.02 0.02 0.07 0.09 -0.15
倏 -0.02 0.02 0.07 0.09 -0.15
接收 0.03 -0.01 0.05 0.03 -0.13
接住 0.03 -0.01 0.05 0.03 -0.13
遠近馳名 0.03 0.01 -0.01 0.02 -0.07
紙牌 -0.03 0.07 0.03 -0.01 -0.05
連續劇 -0.03 0.07 0.03 -0.01 -0.05
存款 0.00 0.00 0.00 0.00 0.00
預言 0.00 0.03 0.00 -0.06 0.07
