了 -0.03 -0.01 -0.02 -0.13 0.11
又 0.01 -0.03 0.01 -0.02 -0.01
大幅 0.00 0.00 0.00 0.00 0.00
我 0.12 -0.27 0.09 0.06 -0.20
幾 -0.03 0.05 -0.03 -0.02 -0.06
無庸置疑 -0.06 -0.15 -0.10 -0.09 0.07
應付 0.03 -0.07 -0.04 -0.06 0.04
俗辣 -0.01 0.00 -0.14 -0.11 0.08
女人 0.19 -0.04 -0.01 -0.14 0.15
侮辱 0.04 -0.47 -0.26 -0.28 0.12
紀念 0.05 0.07 0.05 -0.03 -0.03
自豪 0.13 0.01 0.00 -0.02 -0.01
喜宴 0.10 0.00 0.01 -0.04 0.06
痛 0.00 -0.25 -0.15 -0.17 0.08
毀掉 0.00 -0.25 -0.15 -0.17 0.08
未知 -0.09 -0.03 -0.05 -0.12 0.07
未料 -0.04 -0.03 -0.02 -0.09 0.07
改天 -0.12 0.01 0.00 -0.04 -0.01
為什麼 -0.02 -0.05 -0.02 -0.10 -0.03
矜持 -0.06 0.00 -0.04 -0.08 0.06
純粹 0.02 -0.03 0.01 -0.02 0.06
舌 -0.05 -0.04 -0.04 -0.04 0.02
瞥 0.00 0.09 0.00 -0.03 0.05
雙眸 0.00 0.09 0.00 -0.03 0.05
變黑 0.00 0.09 0.00 -0.03 0.05
臀 -0.05 -0.04 -0.04 -0.04 0.02
天空 -0.02 0.05 0.03 0.01 -0.04
合上 0.01 0.04 0.08 0.04 -0.17
個別 0.00 0.00 0.00 0.00 0.00
童年 -0.02 0.02 0.07 0.09 -0.15
溢出 -0.02 0.05 0.03 0.01 -0.04
牆 -0.02 0.05 0.03 0.01 -0.04
紅酒 -0.03 0.07 0.03 -0.01 -0.05
廝混 -0.03 0.07 0.03 -0.01 -0.05
床 -0.01 -0.02 0.04 0.06 -0.15
鬼怪 0.00 0.03 0.00 -0.06 0.07
聖詩 0.00 0.03 0.00 -0.06 0.07
自殘 -0.02 -0.04 -0.02 -0.06 0.05
