七千 -0.03 0.05 -0.03 -0.02 -0.06
二億 -0.03 0.05 -0.03 -0.02 -0.06
不濟 -0.08 -0.12 -0.11 -0.07 0.01
同一 0.01 -0.03 0.01 -0.02 -0.01
直至 -0.02 0.08 0.11 0.17 -0.19
萬萬 0.00 0.00 0.00 0.00 0.00
顆 0.00 0.00 0.00 0.00 0.00
照顧 0.00 0.00 0.00 0.00 0.00
胡扯 -0.03 -0.33 -0.31 -0.31 0.14
感恩 0.10 0.00 0.01 -0.04 0.06
違背 -0.06 -0.25 -0.19 -0.25 0.14
樂 0.10 0.00 0.01 -0.04 0.06
讚佩 0.06 -0.03 -0.01 -0.13 0.13
重估 -0.04 -0.03 -0.02 -0.09 0.07
猜測 -0.09 -0.03 -0.05 -0.12 0.07
澄清 -0.04 -0.03 -0.02 -0.09 0.07
放映 0.00 0.09 0.00 -0.03 0.05
用餐 0.00 0.00 0.00 0.00 0.00
狂飲 0.00 0.00 0.00 0.00 0.00
腋窩 -0.05 -0.04 -0.04 -0.04 0.02
吊 0.03 -0.01 0.05 0.03 -0.13
取代 0.03 -0.01 0.05 0.03 -0.13
降落 -0.02 0.05 0.03 0.01 -0.04
傳導 0.03 -0.01 0.05 0.03 -0.13
神學 0.00 0.03 0.00 -0.06 0.07
