十 -0.03 0.05 -0.03 -0.02 -0.06
小人物 0.00 0.00 0.00 0.00 0.00
真是 0.00 0.00 0.00 0.00 0.00
幾十 -0.03 0.05 -0.03 -0.02 -0.06
女性 0.12 -0.02 -0.01 -0.10 0.06
老師 0.18 0.05 0.03 -0.09 0.10
挫折 -0.03 -0.45 -0.31 -0.30 0.13
疏忽 -0.06 -0.25 -0.19 -0.25 0.14
粗暴 -0.03 -0.33 -0.31 -0.31 0.14
成果 -0.02 -0.05 -0.02 -0.10 -0.03
成效 -0.02 -0.05 -0.02 -0.10 -0.03
看法 -0.04 -0.03 -0.02 -0.09 0.07
骨骼 -0.05 -0.04 -0.04 -0.04 0.02
痔瘡 0.00 0.00 0.00 0.00 0.00
掌心 -0.05 -0.04 -0.04 -0.04 0.02
開胃 0.00 0.00 0.00 0.00 0.00
流逝 -0.02 0.02 0.07 0.09 -0.15
英哩 -0.02 0.05 0.03 0.01 -0.04
龐大 -0.02 0.05 0.03 0.01 -0.04
主席 0.09 0.08 0.03 0.03 -0.03
郵件室 0.06 0.07 0.04 0.01 0.04
殘存 0.03 0.01 -0.01 0.02 -0.07
戰略 0.03 0.01 -0.01 0.02 -0.07
踢球 -0.03 0.07 0.03 -0.01 -0.05
儀軌 0.00 0.03 0.00 -0.06 0.07
讚頌 0.00 0.03 0.00 -0.06 0.07
