不告 -0.08 -0.12 -0.11 -0.07 0.01
低 -0.02 0.05 0.03 0.01 -0.04
為 0.00 0.06 0.04 0.08 -0.04
啦 0.00 0.00 0.00 0.00 0.00
打算 -0.03 -0.06 -0.02 -0.13 0.02
私下 0.08 0.00 0.02 -0.02 0.02
訴說 0.08 0.00 0.02 -0.02 0.02
敏捷 0.10 0.00 0.01 -0.04 0.06
爽 0.10 0.00 0.01 -0.04 0.06
誠實 0.13 0.01 0.00 -0.02 -0.01
樂天 0.10 0.00 0.01 -0.04 0.06
養育 0.10 0.00 0.01 -0.04 0.06
抵擋 -0.06 0.00 -0.04 -0.08 0.06
保育 -0.06 0.00 -0.04 -0.08 0.06
停課 -0.06 0.00 -0.04 -0.08 0.06
條理 -0.02 -0.05 -0.02 -0.10 -0.03
匱乏 -0.03 -0.02 -0.02 -0.06 0.02
纏鬥 -0.06 0.00 -0.04 -0.08 0.06
凍 -0.01 -0.09 0.04 0.02 -0.04
爽口 0.00 0.00 0.00 0.00 0.00
遮蔽 0.00 0.09 0.00 -0.03 0.05
觸 -0.01 -0.09 0.04 0.02 -0.04
淫蕩 0.07 -0.02 0.00 -0.04 0.09
精神病 0.00 0.00 0.00 0.00 0.00
頭骨 -0.05 -0.04 -0.04 -0.04 0.02
午 -0.02 0.02 0.07 0.09 -0.15
廳 -0.03 0.03 0.07 0.07 -0.19
政治學 0.06 0.07 0.04 0.01 0.04
租契 -0.01 -0.02 0.04 0.06 -0.15
寺廟 0.00 0.03 0.00 -0.06 0.07
浸禮 0.00 0.03 0.00 -0.06 0.07
