七兆 -0.03 0.05 -0.03 -0.02 -0.06
立即 -0.07 0.01 0.07 0.10 -0.17
隨後 -0.04 0.03 0.09 0.16 -0.19
函件 0.08 0.00 0.02 -0.02 0.02
奉承 0.11 -0.07 -0.02 -0.08 0.06
勇敢 0.10 0.00 0.01 -0.04 0.06
荒謬 -0.04 -0.47 -0.28 -0.26 0.10
患病 0.00 -0.37 -0.15 -0.16 0.07
甜蜜 0.10 0.00 0.01 -0.04 0.06
溫情 0.10 0.00 0.01 -0.04 0.06
質問 -0.04 -0.03 -0.02 -0.09 0.07
吐氣 0.00 0.00 0.00 0.00 0.00
有聲 -0.03 0.00 -0.01 -0.04 0.04
心電圖 0.00 0.00 0.00 0.00 0.00
哺乳 0.00 0.00 0.00 0.00 0.00
貪吃 0.00 0.00 0.00 0.00 0.00
一日 -0.02 0.02 0.07 0.09 -0.15
久 -0.02 0.02 0.07 0.09 -0.15
水平面 -0.02 0.05 0.03 0.01 -0.04
夏季 -0.02 0.02 0.07 0.09 -0.15
旋轉 0.03 -0.01 0.05 0.03 -0.13
教科書 0.06 0.07 0.04 0.01 0.04
窗戶 -0.01 -0.02 0.04 0.06 -0.15
