大多 0.00 0.00 0.00 0.00 0.00
其中 -0.02 0.11 0.07 0.09 -0.08
篇 0.00 0.00 0.00 0.00 0.00
外行人 0.08 0.00 0.02 -0.02 0.02
黨 0.08 0.00 0.02 -0.02 0.02
盛怒 -0.03 -0.33 -0.31 -0.31 0.14
窒礙 0.00 -0.25 -0.15 -0.17 0.08
機警 0.10 0.00 0.01 -0.04 0.06
歡聲 0.10 0.00 0.01 -0.04 0.06
驚愕 -0.01 -0.39 -0.12 -0.12 0.04
纏住 -0.06 0.00 -0.04 -0.08 0.06
變得 -0.03 -0.02 -0.02 -0.06 0.02
水果酒 0.00 0.00 0.00 0.00 0.00
生殖 0.02 -0.06 -0.04 -0.08 0.11
營養 0.00 0.00 0.00 0.00 0.00
相隔 -0.02 0.05 0.03 0.01 -0.04
降職 0.09 0.08 0.03 0.03 -0.03
程式 0.06 0.07 0.04 0.01 0.04
繼承 0.09 0.08 0.03 0.03 -0.03
升遷 0.03 0.01 -0.01 0.02 -0.07
佼佼者 0.03 0.01 -0.01 0.02 -0.07
庭院 -0.04 0.05 0.07 0.05 -0.20
球 -0.03 0.07 0.03 -0.01 -0.05
九牛一毛 0.00 0.00 0.00 0.00 0.00
持戒 0.00 0.03 0.00 -0.06 0.07
禮佛 0.00 0.03 0.00 -0.06 0.07
