且 0.00 0.00 0.00 0.00 0.00
所 0.00 0.00 0.00 0.00 0.00
頗 -0.09 -0.03 -0.05 -0.12 0.07
女伴 0.18 -0.06 0.01 -0.09 -0.06
會議 0.14 0.07 0.06 -0.01 0.06
舅 0.13 -0.05 0.11 0.02 -0.05
幫派 0.08 0.00 0.02 -0.02 0.02
內疚 -0.01 -0.39 -0.12 -0.12 0.04
欠債 0.00 -0.25 -0.15 -0.17 0.08
好笑 0.10 0.00 0.01 -0.04 0.06
侵害 0.00 -0.25 -0.15 -0.17 0.08
罪人 0.00 -0.25 -0.15 -0.17 0.08
謹慎 0.06 -0.03 -0.01 -0.13 0.13
握住 -0.07 -0.09 0.00 -0.06 0.02
導向 0.01 -0.06 0.03 -0.07 -0.16
冷凍 -0.01 -0.09 0.04 0.02 -0.04
乾冷 -0.01 -0.09 0.04 0.02 -0.04
瘦 -0.05 -0.04 -0.04 -0.04 0.02
菜餚 0.00 0.00 0.00 0.00 0.00
腹腔 -0.05 -0.04 -0.04 -0.04 0.02
大規模 -0.02 0.05 0.03 0.01 -0.04
年曆 -0.02 0.02 0.07 0.09 -0.15
轉校 0.06 0.07 0.04 0.01 0.04
大紅大紫 0.03 0.01 -0.01 0.02 -0.07
