不顧 -0.14 -0.12 -0.15 -0.15 0.07
未有 -0.08 -0.12 -0.11 -0.07 0.01
地 -0.02 0.05 0.03 0.01 -0.04
無形 -0.08 -0.12 -0.11 -0.07 0.01
親愛的 0.24 -0.04 0.05 -0.05 -0.04
哄騙 -0.03 -0.33 -0.31 -0.31 0.14
唐突 0.00 -0.25 -0.15 -0.17 0.08
消極 0.00 -0.25 -0.15 -0.17 0.08
愧 -0.01 -0.39 -0.12 -0.12 0.04
躊躇 -0.10 -0.42 -0.17 -0.24 0.11
停擺 -0.06 0.00 -0.04 -0.08 0.06
肘 -0.05 -0.04 -0.04 -0.04 0.02
中秋節 -0.02 0.02 0.07 0.09 -0.15
固定 0.00 0.00 0.00 0.00 0.00
隔月 -0.02 0.02 0.07 0.09 -0.15
修習 0.06 0.07 0.04 0.01 0.04
展覽 -0.03 0.07 0.03 -0.01 -0.05
火爐 -0.01 -0.02 0.04 0.06 -0.15
剃度 0.00 0.03 0.00 -0.06 0.07
