五 -0.03 0.05 -0.03 -0.02 -0.06
能夠 0.00 -0.01 -0.03 -0.04 -0.05
就 -0.08 0.01 -0.05 -0.10 0.08
小心 -0.03 -0.07 -0.08 -0.14 0.10
發表 0.04 0.02 0.02 -0.09 0.01
戴 -0.05 -0.04 -0.04 -0.04 0.02
先生 0.17 -0.07 0.08 -0.06 -0.01
才能 0.19 0.08 0.04 -0.01 0.03
敏感 0.00 -0.25 -0.15 -0.17 0.08
喜出望外 0.10 0.00 0.01 -0.04 0.06
虛弱 0.00 -0.37 -0.15 -0.16 0.07
適時 0.10 0.00 0.01 -0.04 0.06
競爭 0.06 -0.06 -0.05 -0.04 -0.03
半信半疑 -0.09 -0.03 -0.05 -0.12 0.07
永遠 0.00 -0.01 0.08 0.07 -0.09
壓縮 -0.06 0.00 -0.04 -0.08 0.06
視覺 0.00 0.09 0.00 -0.03 0.05
糞 -0.05 -0.04 -0.04 -0.04 0.02
擴大 -0.02 0.05 0.03 0.01 -0.04
禮拜 -0.02 0.05 0.07 0.03 -0.08
關頭 -0.02 0.02 0.07 0.09 -0.15
履歷 0.06 0.07 0.04 0.01 0.04
溺死 -0.02 -0.04 -0.02 -0.06 0.05
