不奈 -0.08 -0.12 -0.11 -0.07 0.01
不計其數 -0.08 -0.12 -0.11 -0.07 0.01
不讓 -0.08 -0.12 -0.11 -0.07 0.01
之外 -0.05 0.03 0.01 -0.05 -0.02
尚未 -0.08 -0.12 -0.11 -0.07 0.01
直到 -0.02 0.08 0.11 0.17 -0.19
浪費 0.00 0.00 0.00 0.00 0.00
給 0.08 0.00 0.02 -0.02 0.02
擁有 0.00 0.00 0.00 0.00 0.00
報導 0.11 0.05 0.04 -0.07 0.08
末日 0.03 -0.04 -0.04 -0.12 0.11
亂 0.00 -0.25 -0.15 -0.17 0.08
毀棄 0.00 -0.25 -0.15 -0.17 0.08
漫不經心 0.00 -0.25 -0.15 -0.17 0.08
劇烈 0.03 -0.07 -0.04 -0.06 0.04
熱烈 0.10 0.00 0.01 -0.04 0.06
寶貴 0.10 0.00 0.01 -0.04 0.06
驚異 0.03 -0.07 -0.04 -0.06 0.04
疑似 -0.09 -0.03 -0.05 -0.12 0.07
模糊 -0.10 -0.12 -0.01 -0.10 0.03
刺耳 -0.03 0.00 -0.01 -0.04 0.04
芬芳 0.00 0.00 0.00 0.00 0.00
老饕 0.00 0.00 0.00 0.00 0.00
恐懼症 0.00 0.00 0.00 0.00 0.00
骨頭 -0.05 -0.04 -0.04 -0.04 0.02
唾腺 -0.05 -0.04 -0.04 -0.04 0.02
溫度計 0.00 0.00 0.00 0.00 0.00
分割 -0.02 0.05 0.03 0.01 -0.04
衝 0.03 -0.01 0.05 0.03 -0.13
激增 0.00 0.00 0.00 0.00 0.00
小考 0.06 0.07 0.04 0.01 0.04
論題 0.06 0.07 0.04 0.01 0.04
薪水 0.06 0.07 0.04 0.01 0.04
好手 0.03 0.01 -0.01 0.02 -0.07
翻修 -0.01 -0.02 0.04 0.06 -0.15
佛 0.00 0.03 0.00 -0.06 0.07
香爐 0.00 0.03 0.00 -0.06 0.07
