不符 -0.08 -0.37 -0.26 -0.24 0.09
四 -0.03 0.05 -0.03 -0.02 -0.06
吾人 0.15 -0.12 0.06 0.00 -0.04
若是 0.00 0.00 0.00 0.00 0.00
過份 0.00 0.00 0.00 0.00 0.00
思考 -0.04 -0.03 -0.02 -0.09 0.07
奶奶 0.13 -0.05 0.11 0.02 -0.05
母 0.13 -0.05 0.11 0.02 -0.05
姊 0.13 -0.05 0.11 0.02 -0.05
死氣 0.00 -0.25 -0.15 -0.17 0.08
悶悶不樂 0.00 -0.25 -0.15 -0.17 0.08
一致 -0.03 -0.02 -0.02 -0.06 0.02
來源 -0.04 -0.03 0.05 -0.01 -0.18
思緒 -0.04 -0.03 -0.02 -0.09 0.07
熟諳 -0.04 -0.03 -0.02 -0.09 0.07
辣 0.00 0.00 0.00 0.00 0.00
近視 0.00 0.00 0.00 0.00 0.00
烘培 -0.01 -0.02 0.04 0.06 -0.15
醫藥 0.00 0.00 0.00 0.00 0.00
至高 -0.02 0.05 0.03 0.01 -0.04
深 -0.02 0.05 0.03 0.01 -0.04
路程 -0.02 0.05 0.03 0.01 -0.04
運送 0.03 -0.01 0.05 0.03 -0.13
記錄 0.06 0.07 0.04 0.01 0.04
虧待 0.06 0.07 0.04 0.01 0.04
午睡 -0.03 0.07 0.03 -0.01 -0.05
投資 0.00 0.00 0.00 0.00 0.00
