仍舊 0.00 0.00 0.00 0.00 0.00
多少 0.00 0.00 0.00 0.00 0.00
被 0.00 0.06 0.04 0.08 -0.04
實在 0.00 0.00 0.00 0.00 0.00
改變 0.01 -0.06 0.03 -0.07 -0.16
詢問 -0.01 -0.03 -0.03 -0.14 0.09
老公 0.13 -0.05 0.11 0.02 -0.05
莫逆 0.14 -0.04 0.04 -0.01 -0.10
辯護 0.04 -0.03 0.00 -0.11 0.09
嘮叨 -0.04 -0.47 -0.28 -0.26 0.10
自白 -0.04 -0.03 -0.02 -0.09 0.07
禁得 -0.06 0.00 -0.04 -0.08 0.06
領會 -0.04 -0.03 -0.02 -0.09 0.07
寒冷 -0.01 -0.09 0.04 0.02 -0.04
尿液 -0.05 -0.04 -0.04 -0.04 0.02
胖 -0.05 -0.04 -0.04 -0.04 0.02
脈搏 -0.05 -0.04 -0.04 -0.04 0.02
勒戒 0.00 0.00 0.00 0.00 0.00
腕 -0.05 -0.04 -0.04 -0.04 0.02
腫脹 0.00 0.00 0.00 0.00 0.00
髮 -0.05 -0.04 -0.04 -0.04 0.02
驗光 0.00 0.00 0.00 0.00 0.00
上面 -0.02 0.05 0.03 0.01 -0.04
行走 0.03 -0.01 0.05 0.03 -0.13
時裝 -0.02 0.02 0.07 0.09 -0.15
逃難 0.03 -0.01 0.05 0.03 -0.13
游泳 0.00 0.06 0.08 0.02 -0.18
豎 -0.02 0.05 0.03 0.01 -0.04
合併 0.06 0.07 0.04 0.01 0.04
磨練 0.03 0.01 -0.01 0.02 -0.07
