昨日 0.00 0.00 0.00 0.00 0.00
吐露 0.08 0.00 0.02 -0.02 0.02
娶 0.13 -0.05 0.11 0.02 -0.05
貧賤 0.00 -0.25 -0.15 -0.17 0.08
凱旋 0.13 0.01 0.00 -0.02 -0.01
惡臭 0.00 -0.25 -0.15 -0.17 0.08
鎮壓 -0.06 -0.25 -0.19 -0.25 0.14
答辯 -0.10 -0.04 -0.05 -0.15 0.12
預計 -0.04 -0.03 -0.02 -0.09 0.07
篤定 0.02 -0.03 0.01 -0.02 0.06
印象 0.00 0.09 0.00 -0.03 0.05
手心 -0.05 -0.04 -0.04 -0.04 0.02
配藥 0.00 0.00 0.00 0.00 0.00
頭蓋骨 -0.05 -0.04 -0.04 -0.04 0.02
深度 -0.02 0.05 0.03 0.01 -0.04
法律人 0.06 0.07 0.04 0.01 0.04
挖角 0.06 0.07 0.04 0.01 0.04
排球 -0.03 0.07 0.03 -0.01 -0.05
好兄弟 0.00 0.03 0.00 -0.06 0.07
新約 0.00 0.03 0.00 -0.06 0.07
公墓 -0.02 -0.04 -0.02 -0.06 0.05
