天 -0.02 0.02 0.07 0.09 -0.15
半 -0.03 0.05 -0.03 -0.02 -0.06
在 -0.02 0.11 0.07 0.09 -0.08
妳們 0.15 -0.12 0.06 0.00 -0.04
的話 0.00 0.00 0.00 0.00 0.00
保留 -0.06 0.00 -0.04 -0.08 0.06
相信 0.14 0.00 0.01 -0.21 0.22
市民 0.12 -0.02 -0.01 -0.10 0.06
低能 -0.03 -0.33 -0.31 -0.31 0.14
弄壞 0.00 -0.25 -0.15 -0.17 0.08
和煦 0.10 0.00 0.01 -0.04 0.06
性騷擾 -0.03 -0.33 -0.31 -0.31 0.14
欣欣 0.10 0.00 0.01 -0.04 0.06
詼諧 0.10 0.00 0.01 -0.04 0.06
領導 0.04 -0.05 0.02 -0.05 -0.23
喀嚓 0.00 0.00 0.00 0.00 0.00
二頭肌 -0.05 -0.04 -0.04 -0.04 0.02
性 0.02 -0.06 -0.04 -0.08 0.11
食 -0.05 -0.04 -0.04 -0.04 0.02
消掉 0.00 0.00 0.00 0.00 0.00
臉 -0.05 -0.04 -0.04 -0.04 0.02
中間 -0.02 0.05 0.03 0.01 -0.04
界限 -0.02 0.05 0.03 0.01 -0.04
滄桑 -0.02 0.02 0.07 0.09 -0.15
討論 0.06 0.07 0.04 0.01 0.04
划船 -0.03 0.07 0.03 -0.01 -0.05
遊覽車 -0.03 0.07 0.03 -0.01 -0.05
神明 0.00 0.03 0.00 -0.06 0.07
異教 0.00 0.03 0.00 -0.06 0.07
歌頌 0.00 0.03 0.00 -0.06 0.07
