反而 -0.04 0.00 -0.04 -0.07 0.09
無出 -0.08 -0.12 -0.11 -0.07 0.01
無有 -0.08 -0.12 -0.11 -0.07 0.01
應 0.00 0.00 0.00 0.00 0.00
建立 0.03 0.01 -0.01 0.02 -0.07
解釋 0.04 -0.03 0.00 -0.11 0.09
坦白 0.14 -0.03 0.01 -0.15 0.15
控訴 0.08 0.00 0.02 -0.02 0.02
受罪 -0.03 -0.33 -0.31 -0.31 0.14
欣賞 0.06 -0.03 -0.01 -0.13 0.13
恨 -0.03 -0.33 -0.31 -0.31 0.14
值得 0.10 0.00 0.01 -0.04 0.06
衷心 0.10 0.00 0.01 -0.04 0.06
迷路 0.03 -0.07 -0.04 -0.06 0.04
欺 -0.03 -0.33 -0.31 -0.31 0.14
德行 0.10 0.00 0.01 -0.04 0.06
賤民 0.00 -0.25 -0.15 -0.17 0.08
激動 -0.03 -0.33 -0.31 -0.31 0.14
不變 0.00 -0.01 0.08 0.07 -0.09
問題 -0.04 -0.03 -0.02 -0.09 0.07
擴張 0.01 -0.03 0.01 -0.02 -0.01
發熱 0.00 0.00 0.00 0.00 0.00
視野 0.00 0.09 0.00 -0.03 0.05
流血 -0.05 -0.04 -0.04 -0.04 0.02
胃口 -0.05 -0.04 -0.04 -0.04 0.02
飲料 -0.03 0.07 0.03 -0.01 -0.05
中午 -0.02 0.02 0.07 0.09 -0.15
庫存 0.06 0.07 0.04 0.01 0.04
廣告 0.06 0.07 0.04 0.01 0.04
影印 0.06 0.07 0.04 0.01 0.04
