時 0.00 0.00 0.00 0.00 0.00
支持 0.12 -0.03 0.02 -0.06 0.12
承認 0.04 -0.03 0.00 -0.11 0.09
開會 0.08 0.00 0.02 -0.02 0.02
遵守 -0.06 0.00 -0.04 -0.08 0.06
交易 0.17 0.06 0.11 0.02 -0.07
了不起 0.11 0.02 0.01 -0.08 0.10
心神不定 -0.01 -0.39 -0.12 -0.12 0.04
可靠 0.12 -0.03 0.02 -0.06 0.12
私生子 0.00 -0.25 -0.15 -0.17 0.08
咒罵 -0.03 -0.33 -0.31 -0.31 0.14
變質 0.00 -0.25 -0.15 -0.17 0.08
混淆 -0.02 -0.05 -0.02 -0.10 -0.03
尖酸 0.00 0.00 0.00 0.00 0.00
均勻 -0.01 -0.09 0.04 0.02 -0.04
小腿 -0.05 -0.04 -0.04 -0.04 0.02
性感 0.07 -0.02 0.00 -0.04 0.09
病假 0.06 0.07 0.04 0.01 0.04
麵包 0.00 0.00 0.00 0.00 0.00
中年 -0.02 0.02 0.07 0.09 -0.15
收到 0.03 -0.01 0.05 0.03 -0.13
運載 0.03 -0.01 0.05 0.03 -0.13
廣大 -0.02 0.05 0.03 0.01 -0.04
退學 0.09 0.08 0.03 0.03 -0.03
權勢 0.03 0.01 -0.01 0.02 -0.07
衣櫥 -0.01 -0.02 0.04 0.06 -0.15
廉價 0.00 0.00 0.00 0.00 0.00
加持 0.00 0.03 0.00 -0.06 0.07
墳地 -0.02 -0.04 -0.02 -0.06 0.05
