三兆 -0.03 0.05 -0.03 -0.02 -0.06
以及 0.00 0.00 0.00 0.00 0.00
因為 -0.02 0.01 0.02 -0.02 -0.07
組 0.14 0.07 0.06 -0.01 0.06
像 0.00 0.06 0.04 0.08 -0.04
隨時 -0.11 -0.01 0.02 -0.03 -0.08
交談 0.08 0.00 0.02 -0.02 0.02
馬屁 0.08 0.00 0.02 -0.02 0.02
反派 -0.03 -0.33 -0.31 -0.31 0.14
自大 0.03 -0.24 -0.16 -0.15 0.01
哀慟 -0.02 -0.41 -0.17 -0.22 0.12
荒唐 -0.03 -0.33 -0.31 -0.31 0.14
躲避 -0.01 -0.39 -0.12 -0.12 0.04
違法 -0.06 -0.25 -0.19 -0.25 0.14
指派 0.07 0.04 0.05 -0.01 0.03
意志 -0.01 -0.02 -0.03 -0.07 0.00
舌頭 -0.05 -0.04 -0.04 -0.04 0.02
壽命 0.00 0.00 0.00 0.00 0.00
歷史 -0.02 0.02 0.07 0.09 -0.15
藏書室 0.06 0.07 0.04 0.01 0.04
廁所 -0.01 -0.02 0.04 0.06 -0.15
補貼 0.00 0.00 0.00 0.00 0.00
