不怕 -0.08 -0.12 -0.11 -0.07 0.01
將近 -0.09 -0.03 -0.05 -0.12 0.07
棟 0.00 0.00 0.00 0.00 0.00
媽的 -0.04 -0.33 -0.45 -0.42 0.22
取笑 0.05 -0.33 -0.29 -0.33 0.16
委託 0.05 -0.02 0.00 -0.08 0.04
幫手 0.18 0.00 0.03 -0.06 0.08
次等 0.00 -0.37 -0.15 -0.16 0.07
後悔 -0.03 -0.39 -0.17 -0.22 0.09
哽咽 0.00 -0.37 -0.15 -0.16 0.07
開心 0.10 0.00 0.01 -0.04 0.06
敬畏 0.10 0.00 0.01 -0.04 0.06
疑懼 -0.01 -0.39 -0.12 -0.12 0.04
牴觸 -0.06 0.00 -0.04 -0.08 0.06
迫近 -0.06 0.00 -0.04 -0.08 0.06
辨明 -0.04 -0.03 -0.02 -0.09 0.07
氣味 0.00 0.00 0.00 0.00 0.00
球形 0.00 0.09 0.00 -0.03 0.05
百憂解 0.00 0.00 0.00 0.00 0.00
肝 -0.05 -0.04 -0.04 -0.04 0.02
披薩 0.00 0.00 0.00 0.00 0.00
視網膜 -0.05 -0.04 -0.04 -0.04 0.02
荏苒 -0.02 0.02 0.07 0.09 -0.15
現存 -0.02 0.02 0.07 0.09 -0.15
回饋 0.06 0.07 0.04 0.01 0.04
消費者 0.06 0.07 0.04 0.01 0.04
教室 0.06 0.07 0.04 0.01 0.04
謄本 0.06 0.07 0.04 0.01 0.04
授予 0.03 0.01 -0.01 0.02 -0.07
梳妝檯 -0.01 -0.02 0.04 0.06 -0.15
獎券 0.00 0.00 0.00 0.00 0.00
緣起 0.00 0.03 0.00 -0.06 0.07
