不解 -0.12 -0.57 -0.25 -0.32 0.07
今日 -0.02 -0.10 0.06 0.06 -0.24
無時 0.00 0.00 0.00 0.00 0.00
想 -0.07 -0.11 -0.09 -0.21 0.16
恰當 0.08 -0.09 -0.04 -0.06 0.03
凌亂 0.00 -0.25 -0.15 -0.17 0.08
陷 -0.06 0.00 -0.04 -0.08 0.06
學會 0.02 0.04 0.02 -0.08 0.11
朦朧 -0.09 -0.03 -0.05 -0.12 0.07
症狀 0.00 0.00 0.00 0.00 0.00
喉嚨 -0.05 -0.04 -0.04 -0.04 0.02
錠 0.00 0.00 0.00 0.00 0.00
中央 -0.02 0.05 0.03 0.01 -0.04
位子 -0.02 0.05 0.03 0.01 -0.04
逃學 0.03 -0.01 0.05 0.03 -0.13
簡略 0.00 0.00 0.00 0.00 0.00
工人 0.06 0.07 0.04 0.01 0.04
助理 0.06 0.07 0.04 0.01 0.04
博學多聞 0.06 0.07 0.04 0.01 0.04
優待券 0.00 0.00 0.00 0.00 0.00
法會 0.00 0.03 0.00 -0.06 0.07
