一般 0.00 0.00 0.00 0.00 0.00
不比 -0.08 -0.12 -0.11 -0.07 0.01
不行 -0.08 -0.12 -0.11 -0.07 0.01
份 0.00 0.00 0.00 0.00 0.00
從 -0.02 0.11 0.07 0.09 -0.08
嘛 0.00 0.00 0.00 0.00 0.00
吸引 0.10 0.00 0.01 -0.04 0.06
經營 0.14 0.07 0.06 -0.01 0.06
下流 -0.04 -0.33 -0.45 -0.42 0.22
外甥女 0.13 -0.05 0.11 0.02 -0.05
相遇 0.08 0.00 0.02 -0.02 0.02
引誘 0.07 -0.11 -0.06 -0.16 0.15
支配 0.03 -0.17 -0.16 -0.22 0.11
有害 -0.03 -0.33 -0.31 -0.31 0.14
歡歡喜喜 0.10 0.00 0.01 -0.04 0.06
止住 -0.03 -0.01 0.01 -0.05 -0.07
任意 -0.09 -0.03 -0.05 -0.12 0.07
約定 -0.06 0.00 -0.04 -0.08 0.06
賭博 -0.12 0.04 -0.02 -0.13 0.02
喉糖 0.00 0.00 0.00 0.00 0.00
七夕 -0.02 0.02 0.07 0.09 -0.15
分離 0.01 0.04 0.08 0.04 -0.17
明日 -0.02 0.02 0.07 0.09 -0.15
解救 0.03 -0.01 0.05 0.03 -0.13
遞 0.03 -0.01 0.05 0.03 -0.13
海灘 -0.03 0.07 0.03 -0.01 -0.05
寺 0.00 0.03 0.00 -0.06 0.07
