不期 -0.08 -0.12 -0.11 -0.07 0.01
五千 -0.03 0.05 -0.03 -0.02 -0.06
太 0.00 0.00 0.00 0.00 0.00
這樣 0.00 0.00 0.00 0.00 0.00
剩餘 0.00 0.00 0.00 0.00 0.00
無妄 -0.08 -0.12 -0.11 -0.07 0.01
操作 -0.02 -0.05 -0.02 -0.10 -0.03
自卑 0.00 -0.37 -0.15 -0.16 0.07
淡漠 0.00 -0.25 -0.15 -0.17 0.08
野蠻 0.00 -0.25 -0.15 -0.17 0.08
痛苦 0.00 -0.37 -0.15 -0.16 0.07
壞運 0.00 -0.25 -0.15 -0.17 0.08
重造 -0.04 -0.03 -0.02 -0.09 0.07
證實 0.01 -0.04 0.01 -0.05 0.11
吹送 0.00 0.00 0.00 0.00 0.00
乾濕 -0.01 -0.09 0.04 0.02 -0.04
抽血 0.00 0.00 0.00 0.00 0.00
果 0.00 0.00 0.00 0.00 0.00
烘烤 -0.01 -0.02 0.04 0.06 -0.15
發汗 -0.05 -0.04 -0.04 -0.04 0.02
絞痛 0.00 0.00 0.00 0.00 0.00
嫖妓 0.07 -0.02 0.00 -0.04 0.09
傍晚 -0.02 0.02 0.07 0.09 -0.15
趕上 0.06 0.00 0.04 0.05 -0.20
遲緩 -0.02 0.02 0.07 0.09 -0.15
鐘 -0.02 0.02 0.07 0.09 -0.15
打盹 -0.03 0.07 0.03 -0.01 -0.05
賄賂 0.00 0.00 0.00 0.00 0.00
穆加希德 0.00 0.03 0.00 -0.06 0.07
