二兆 -0.03 0.05 -0.03 -0.02 -0.06
不許 -0.08 -0.12 -0.11 -0.07 0.01
頭 -0.05 -0.04 -0.04 -0.04 0.02
移動 0.03 -0.01 0.05 0.03 -0.13
女王 0.15 -0.01 -0.02 -0.08 -0.01
外祖父 0.13 -0.05 0.11 0.02 -0.05
媽 0.13 -0.05 0.11 0.02 -0.05
打攪 -0.04 -0.47 -0.28 -0.26 0.10
低能兒 0.00 -0.25 -0.15 -0.17 0.08
非禮 -0.03 -0.33 -0.31 -0.31 0.14
剝奪 0.00 -0.25 -0.15 -0.17 0.08
笨拙 0.00 -0.25 -0.15 -0.17 0.08
酷愛 0.10 0.00 0.01 -0.04 0.06
壞處 0.00 -0.25 -0.15 -0.17 0.08
若干 -0.09 -0.03 -0.05 -0.12 0.07
記憶 -0.04 -0.03 -0.02 -0.09 0.07
創作 0.01 -0.04 -0.03 -0.08 -0.10
呼氣 0.00 0.00 0.00 0.00 0.00
劑量 0.00 0.00 0.00 0.00 0.00
時段 -0.02 0.02 0.07 0.09 -0.15
窄 -0.02 0.05 0.03 0.01 -0.04
領域 -0.02 0.05 0.03 0.01 -0.04
生物學 0.06 0.07 0.04 0.01 0.04
政策 0.06 0.07 0.04 0.01 0.04
試題 0.06 0.07 0.04 0.01 0.04
學院 0.06 0.07 0.04 0.01 0.04
轉讓 0.06 0.07 0.04 0.01 0.04
無價 0.00 0.00 0.00 0.00 0.00
賞金 0.00 0.00 0.00 0.00 0.00
