二 -0.03 0.05 -0.03 -0.02 -0.06
不客氣 -0.08 -0.12 -0.11 -0.07 0.01
目前 -0.02 -0.10 0.06 0.06 -0.24
行 0.04 0.01 0.05 -0.01 -0.09
重新 -0.02 0.02 0.07 0.09 -0.15
單一 0.00 0.00 0.00 0.00 0.00
研究 0.06 0.07 0.04 0.01 0.04
新生 0.18 0.05 0.03 -0.09 0.10
遠親 0.13 -0.05 0.11 0.02 -0.05
嬰兒 0.12 -0.02 -0.01 -0.10 0.06
狂暴 -0.03 -0.33 -0.31 -0.31 0.14
獎助 0.13 0.01 0.00 -0.02 -0.01
沿襲 0.01 -0.03 0.01 -0.02 -0.01
洞察 -0.04 -0.03 -0.02 -0.09 0.07
設想 -0.04 -0.03 -0.02 -0.09 0.07
準則 -0.06 0.00 -0.04 -0.08 0.06
吻合 0.00 0.09 0.00 -0.03 0.05
金黃色 0.00 0.09 0.00 -0.03 0.05
重聽 -0.03 0.00 -0.01 -0.04 0.04
榨 -0.01 -0.09 0.04 0.02 -0.04
大夫 0.06 0.07 0.04 0.01 0.04
吃素 0.00 0.00 0.00 0.00 0.00
吞下 0.00 0.00 0.00 0.00 0.00
兩性 0.07 -0.02 0.00 -0.04 0.09
發炎 0.00 0.00 0.00 0.00 0.00
依次 -0.02 0.02 0.07 0.09 -0.15
搖動 0.03 -0.01 0.05 0.03 -0.13
解除 0.03 -0.01 0.05 0.03 -0.13
老闆 0.06 0.07 0.04 0.01 0.04
塗鴉 -0.03 0.07 0.03 -0.01 -0.05
前院 -0.01 -0.02 0.04 0.06 -0.15
虔敬 0.00 0.03 0.00 -0.06 0.07
基督 0.00 0.03 0.00 -0.06 0.07
殘殺 -0.02 -0.04 -0.02 -0.06 0.05
