不爭 -0.08 -0.12 -0.11 -0.07 0.01
不祥 -0.08 -0.37 -0.26 -0.24 0.09
欸 0.00 0.00 0.00 0.00 0.00
當下 0.00 -0.12 -0.01 -0.03 -0.09
會談 0.14 0.07 0.06 -0.01 0.06
放任 -0.03 -0.27 -0.17 -0.23 0.10
貪生 0.00 -0.25 -0.15 -0.17 0.08
無害 0.03 -0.07 -0.04 -0.06 0.04
敵視 -0.03 -0.33 -0.31 -0.31 0.14
埋怨 -0.03 -0.02 -0.02 -0.06 0.02
沉溺 0.00 0.00 0.00 0.00 0.00
時勢 -0.02 0.02 0.07 0.09 -0.15
啟程 -0.02 0.02 0.07 0.09 -0.15
都市 -0.02 0.05 0.03 0.01 -0.04
稍後 -0.02 0.02 0.07 0.09 -0.15
超出 -0.02 0.05 0.03 0.01 -0.04
漂流 0.03 -0.01 0.05 0.03 -0.13
存貨 0.06 0.07 0.04 0.01 0.04
傭人 0.05 0.05 0.08 0.07 -0.11
日劇 -0.03 0.07 0.03 -0.01 -0.05
馬車 -0.03 0.07 0.03 -0.01 -0.05
網誌 -0.03 0.07 0.03 -0.01 -0.05
舞會 -0.03 0.07 0.03 -0.01 -0.05
女傭 -0.01 -0.02 0.04 0.06 -0.15
