八百 -0.03 0.05 -0.03 -0.02 -0.06
昨天 -0.02 0.02 0.07 0.09 -0.15
壹 -0.03 0.05 -0.03 -0.02 -0.06
整體 0.02 -0.03 0.01 -0.02 0.06
用 0.00 0.00 0.00 0.00 0.00
堂哥 0.13 -0.05 0.11 0.02 -0.05
厄運 0.00 -0.25 -0.15 -0.17 0.08
平穩 0.10 0.00 0.01 -0.04 0.06
冷淡 0.00 -0.25 -0.15 -0.17 0.08
崇拜 0.10 0.03 0.01 -0.10 0.13
設防 -0.03 -0.07 -0.08 -0.14 0.10
觸怒 -0.03 -0.33 -0.31 -0.31 0.14
讚歎 0.06 -0.03 -0.01 -0.13 0.13
判別 -0.04 -0.03 -0.02 -0.09 0.07
發覺 -0.04 -0.03 -0.02 -0.09 0.07
白色 0.00 0.09 0.00 -0.03 0.05
愛撫 -0.01 -0.09 0.04 0.02 -0.04
噴 0.00 0.00 0.00 0.00 0.00
黏 0.00 0.00 0.00 0.00 0.00
血清 0.00 0.00 0.00 0.00 0.00
盲腸炎 0.00 0.00 0.00 0.00 0.00
排毒 0.00 0.00 0.00 0.00 0.00
角 -0.02 0.05 0.03 0.01 -0.04
發憤 0.03 0.01 -0.01 0.02 -0.07
