必須 0.02 -0.03 0.01 -0.02 0.06
些 0.00 0.00 0.00 0.00 0.00
起 0.00 -0.06 0.03 0.05 -0.13
懷念 0.06 -0.03 -0.01 -0.13 0.13
男朋友 0.18 -0.06 0.01 -0.09 -0.06
隱私 0.08 0.00 0.02 -0.02 0.02
分裂 -0.02 -0.20 -0.12 -0.16 0.04
珍惜 0.10 0.00 0.01 -0.04 0.06
情緒 0.00 -0.25 -0.15 -0.17 0.08
腐朽 -0.02 -0.23 -0.08 -0.08 -0.07
壓力 -0.01 -0.39 -0.12 -0.12 0.04
看出 -0.04 0.06 -0.02 -0.12 0.12
確認 0.01 -0.04 0.01 -0.05 0.11
選項 -0.09 -0.03 -0.05 -0.12 0.07
隱瞞 -0.06 0.00 -0.04 -0.08 0.06
淋巴液 0.00 0.00 0.00 0.00 0.00
傳染 0.03 -0.01 0.05 0.03 -0.13
膠布 0.00 0.00 0.00 0.00 0.00
代理人 0.06 0.07 0.04 0.01 0.04
傳真 0.06 0.07 0.04 0.01 0.04
腳踏實地 0.03 0.01 -0.01 0.02 -0.07
錄音 -0.03 0.07 0.03 -0.01 -0.05
