尚 0.00 0.00 0.00 0.00 0.00
哪裡 0.05 -0.07 0.07 0.03 -0.10
無依無靠 -0.08 -0.12 -0.11 -0.07 0.01
乾媽 0.13 -0.05 0.11 0.02 -0.05
收穫 0.10 0.00 0.01 -0.04 0.06
周到 0.10 0.00 0.01 -0.04 0.06
氣急敗壞 -0.03 -0.33 -0.31 -0.31 0.14
疲弱 0.00 -0.25 -0.15 -0.17 0.08
喜怒哀樂 0.03 -0.07 -0.04 -0.06 0.04
果真 -0.02 -0.05 -0.02 -0.10 -0.03
圍住 -0.08 0.05 -0.01 -0.07 0.02
意境 -0.04 -0.03 -0.02 -0.09 0.07
綠 0.00 0.09 0.00 -0.03 0.05
摩擦 -0.01 -0.09 0.04 0.02 -0.04
素食 0.00 0.03 0.00 -0.06 0.07
腸道 -0.05 -0.04 -0.04 -0.04 0.02
撒尿 -0.05 -0.04 -0.04 -0.04 0.02
扯 0.03 -0.01 0.05 0.03 -0.13
復發 -0.02 0.02 0.07 0.09 -0.15
修女 0.00 0.03 0.00 -0.06 0.07
教堂 0.00 0.03 0.00 -0.06 0.07
