女兒 0.17 -0.07 0.08 -0.06 -0.01
外婆 0.13 -0.05 0.11 0.02 -0.05
插嘴 0.05 -0.33 -0.29 -0.33 0.16
效率 0.13 0.01 0.00 -0.02 -0.01
變味 0.00 -0.25 -0.15 -0.17 0.08
引出 -0.02 -0.05 -0.02 -0.10 -0.03
迫不 -0.06 0.00 -0.04 -0.08 0.06
想開 -0.04 -0.03 -0.02 -0.09 0.07
意思 -0.04 -0.03 -0.02 -0.09 0.07
硬 -0.01 -0.09 0.04 0.02 -0.04
吞 0.00 0.00 0.00 0.00 0.00
癢 -0.05 -0.04 -0.04 -0.04 0.02
七月 -0.02 0.02 0.07 0.09 -0.15
更新 0.01 0.01 0.12 0.12 -0.28
直線 -0.02 0.05 0.03 0.01 -0.04
拿開 0.03 -0.01 0.05 0.03 -0.13
社 0.06 0.07 0.04 0.01 0.04
開除 0.06 0.07 0.04 0.01 0.04
鍵盤 0.06 0.07 0.04 0.01 0.04
神殿 0.00 0.03 0.00 -0.06 0.07
聖地 0.00 0.03 0.00 -0.06 0.07
禪宗 0.00 0.03 0.00 -0.06 0.07
