一向 0.00 0.00 0.00 0.00 0.00
不和 -0.08 -0.12 -0.11 -0.07 0.01
成功 0.19 0.08 0.04 -0.01 0.03
留下 0.00 0.00 0.00 0.00 0.00
投訴 0.08 0.00 0.02 -0.02 0.02
妯娌 0.13 -0.05 0.11 0.02 -0.05
丟棄 0.03 -0.26 -0.10 -0.14 -0.05
奇特 0.00 -0.25 -0.15 -0.17 0.08
怒氣 -0.03 -0.33 -0.31 -0.31 0.14
逆向 0.00 -0.25 -0.15 -0.17 0.08
無奈 0.00 -0.25 -0.15 -0.17 0.08
脾氣 0.00 -0.25 -0.15 -0.17 0.08
開朗 0.10 0.00 0.01 -0.04 0.06
毀敗 0.00 -0.25 -0.15 -0.17 0.08
萬念俱灰 0.00 -0.37 -0.15 -0.16 0.07
相比 -0.04 0.00 -0.04 -0.07 0.09
原本 -0.02 -0.05 -0.02 -0.10 -0.03
啟發 -0.04 -0.03 -0.02 -0.09 0.07
基礎 -0.02 -0.05 -0.02 -0.10 -0.03
推斷 -0.03 -0.06 -0.02 -0.13 0.02
逼迫 -0.06 0.00 -0.04 -0.08 0.06
搔 -0.01 -0.09 0.04 0.02 -0.04
濃厚 -0.02 0.05 0.03 0.01 -0.04
肩膀 -0.05 -0.04 -0.04 -0.04 0.02
喜酒 0.00 0.00 0.00 0.00 0.00
週年慶 -0.03 0.07 0.03 -0.01 -0.05
節儉 0.00 0.00 0.00 0.00 0.00
