不管 -0.12 -0.12 -0.15 -0.14 0.10
你們 0.15 -0.12 0.06 0.00 -0.04
雖然 0.00 0.00 0.00 0.00 0.00
露出 0.00 0.00 0.00 0.00 0.00
屎 -0.06 -0.04 -0.18 -0.15 0.10
知己 0.24 -0.04 0.05 -0.05 -0.04
室友 0.13 -0.06 0.08 0.05 -0.25
聯繫 0.11 0.05 0.04 -0.07 0.08
仇殺 -0.03 -0.33 -0.31 -0.31 0.14
改善 0.13 0.01 0.00 -0.02 -0.01
刺傷 -0.03 -0.33 -0.31 -0.31 0.14
控制 -0.03 -0.24 -0.20 -0.23 0.07
勝過 0.16 0.06 0.02 -0.07 0.05
懲罰 -0.06 -0.25 -0.19 -0.25 0.14
爛 -0.03 -0.45 -0.31 -0.30 0.13
弄懂 -0.04 -0.03 -0.02 -0.09 0.07
裁定 0.05 0.05 0.01 -0.06 0.04
紫 0.00 0.09 0.00 -0.03 0.05
肺氣腫 0.00 0.00 0.00 0.00 0.00
流質 0.00 0.00 0.00 0.00 0.00
茶葉 0.00 0.00 0.00 0.00 0.00
交疊 -0.02 0.05 0.03 0.01 -0.04
宇宙 -0.02 0.05 0.03 0.01 -0.04
夜半 -0.02 0.02 0.07 0.09 -0.15
長大 0.03 -0.01 0.05 0.03 -0.13
球面 -0.02 0.05 0.03 0.01 -0.04
錦標 0.03 0.01 -0.01 0.02 -0.07
權力 0.03 0.01 -0.01 0.02 -0.07
吉他 -0.03 0.07 0.03 -0.01 -0.05
