大概 -0.09 -0.03 -0.05 -0.12 0.07
不失 -0.08 -0.12 -0.11 -0.07 0.01
平常 -0.05 -0.12 0.04 0.00 -0.22
假設 -0.11 -0.02 -0.07 -0.16 0.19
無言 -0.08 -0.12 -0.11 -0.07 0.01
層 0.00 0.00 0.00 0.00 0.00
穿 -0.05 -0.04 -0.04 -0.04 0.02
母親 0.13 -0.05 0.11 0.02 -0.05
名譽 0.05 -0.02 0.00 -0.08 0.04
男子 0.12 -0.02 -0.01 -0.10 0.06
參與 0.08 0.00 0.02 -0.02 0.02
摳 0.08 0.00 0.02 -0.02 0.02
平和 0.10 0.00 0.01 -0.04 0.06
吝嗇 -0.03 -0.33 -0.31 -0.31 0.14
倔強 -0.09 -0.33 -0.35 -0.39 0.20
疼愛 0.10 0.00 0.01 -0.04 0.06
擁護 0.10 0.00 0.01 -0.04 0.06
守住 -0.06 0.00 -0.04 -0.08 0.06
方形 0.00 0.09 0.00 -0.03 0.05
胰島素 0.00 0.00 0.00 0.00 0.00
藥劑 0.00 0.00 0.00 0.00 0.00
年代 -0.02 0.02 0.07 0.09 -0.15
綱領 0.06 0.07 0.04 0.01 0.04
賺 0.09 0.08 0.03 0.03 -0.03
讀書人 0.06 0.07 0.04 0.01 0.04
普通 0.03 0.01 -0.01 0.02 -0.07
馳名 0.03 0.01 -0.01 0.02 -0.07
美術品 -0.03 0.07 0.03 -0.01 -0.05
傢具 -0.01 -0.02 0.04 0.06 -0.15
墓碑 -0.02 -0.04 -0.02 -0.06 0.05
