可是 -0.03 -0.02 -0.02 -0.06 0.02
那個 0.07 -0.12 0.04 0.02 -0.06
起來 0.00 -0.12 -0.01 -0.03 -0.09
維持 -0.06 0.00 -0.04 -0.08 0.06
人妖 -0.01 0.00 -0.14 -0.11 0.08
傻瓜 -0.01 0.00 -0.14 -0.11 0.08
不顧一切 0.00 -0.25 -0.15 -0.17 0.08
死路 0.00 -0.25 -0.15 -0.17 0.08
保護 0.04 0.00 -0.03 -0.12 0.12
惡化 0.00 -0.25 -0.15 -0.17 0.08
認可 0.09 -0.02 -0.02 -0.11 0.06
骯髒 -0.03 -0.33 -0.31 -0.31 0.14
多變 -0.09 -0.03 -0.05 -0.12 0.07
相同 0.01 -0.03 0.01 -0.02 -0.01
類比 -0.09 -0.03 -0.05 -0.12 0.07
香味 0.00 0.00 0.00 0.00 0.00
溼 -0.01 -0.09 0.04 0.02 -0.04
男 0.07 -0.02 0.00 -0.04 0.09
嘴 -0.05 -0.04 -0.04 -0.04 0.02
曬黑 -0.03 0.07 0.03 -0.01 -0.05
節奏 -0.02 0.02 0.07 0.09 -0.15
科目 0.06 0.07 0.04 0.01 0.04
優等 0.03 0.01 -0.01 0.02 -0.07
財富 0.00 0.00 0.00 0.00 0.00
