以前 -0.02 0.02 0.07 0.09 -0.15
好幾 -0.03 0.05 -0.03 -0.02 -0.06
現 -0.02 -0.10 0.06 0.06 -0.24
無一 -0.08 -0.12 -0.11 -0.07 0.01
無由 -0.08 -0.12 -0.11 -0.07 0.01
恐懼 -0.01 -0.39 -0.12 -0.12 0.04
陳腐 0.00 -0.25 -0.15 -0.17 0.08
殘酷 -0.03 -0.33 -0.31 -0.31 0.14
舒適 0.06 -0.02 0.08 -0.03 -0.03
煩心 -0.03 -0.33 -0.31 -0.31 0.14
醜 0.00 -0.25 -0.15 -0.17 0.08
封關 -0.06 0.00 -0.04 -0.08 0.06
道理 -0.02 -0.05 -0.02 -0.10 -0.03
吐 -0.05 -0.04 -0.04 -0.04 0.02
有病 0.00 0.00 0.00 0.00 0.00
土地 -0.02 0.05 0.03 0.01 -0.04
市 -0.02 0.05 0.03 0.01 -0.04
拿去 0.03 -0.01 0.05 0.03 -0.13
清晨 -0.02 0.02 0.07 0.09 -0.15
咖啡廳 -0.03 0.07 0.03 -0.01 -0.05
燒香 0.00 0.03 0.00 -0.06 0.07
