下 -0.02 0.05 0.03 0.01 -0.04
不能 -0.11 -0.14 -0.13 -0.13 0.03
只好 0.00 0.00 0.00 0.00 0.00
這位 0.15 -0.12 0.06 0.00 -0.04
過分 0.03 -0.07 -0.04 -0.06 0.04
題 0.00 0.00 0.00 0.00 0.00
扮演 0.00 0.00 0.00 0.00 0.00
幫助 0.18 0.00 0.03 -0.06 0.08
無恥 -0.01 0.00 -0.14 -0.11 0.08
賤 -0.04 -0.33 -0.45 -0.42 0.22
仇敵 0.05 -0.33 -0.29 -0.33 0.16
逗弄 0.08 -0.25 -0.13 -0.19 0.10
揭發 0.04 -0.03 0.00 -0.11 0.09
吹毛求疵 -0.03 -0.33 -0.31 -0.31 0.14
怕羞 -0.01 -0.39 -0.12 -0.12 0.04
抵制 -0.06 -0.25 -0.19 -0.25 0.14
偏心 0.03 -0.07 -0.04 -0.06 0.04
笨手笨腳 0.00 -0.25 -0.15 -0.17 0.08
寒酸 0.00 -0.25 -0.15 -0.17 0.08
慶賀 0.13 0.01 0.00 -0.02 -0.01
辭職 0.03 -0.24 -0.16 -0.15 0.01
知覺 -0.09 -0.07 -0.06 -0.13 0.09
流感 0.00 0.00 0.00 0.00 0.00
睡著 -0.05 -0.04 -0.04 -0.04 0.02
下落 0.03 -0.01 0.05 0.03 -0.13
今夜 -0.02 0.02 0.07 0.09 -0.15
合攏 0.01 0.04 0.08 0.04 -0.17
早晨 -0.02 0.02 0.07 0.09 -0.15
講師 0.06 0.07 0.04 0.01 0.04
菁英 0.03 0.01 -0.01 0.02 -0.07
日記簿 -0.03 0.07 0.03 -0.01 -0.05
陶藝 -0.03 0.07 0.03 -0.01 -0.05
湖 -0.03 0.07 0.03 -0.01 -0.05
