二十 -0.03 0.05 -0.03 -0.02 -0.06
小 -0.02 0.05 0.03 0.01 -0.04
不悅 -0.11 -0.45 -0.42 -0.38 0.15
批 0.00 0.00 0.00 0.00 0.00
喔 0.01 0.02 0.00 -0.04 0.04
譬如 0.00 0.06 0.04 0.08 -0.04
考驗 0.09 0.08 0.03 0.03 -0.03
投 0.03 -0.01 0.05 0.03 -0.13
表兄 0.13 -0.05 0.11 0.02 -0.05
哥哥 0.13 -0.05 0.11 0.02 -0.05
玩樂 0.07 0.07 0.04 -0.05 0.01
珍愛 0.10 0.00 0.01 -0.04 0.06
苛求 -0.03 -0.33 -0.31 -0.31 0.14
執拗 0.00 -0.25 -0.15 -0.17 0.08
瘸 0.00 -0.25 -0.15 -0.17 0.08
膽怯 -0.01 -0.39 -0.12 -0.12 0.04
保命 -0.06 0.00 -0.04 -0.08 0.06
僥倖 -0.09 -0.03 -0.05 -0.12 0.07
避難 -0.06 0.00 -0.04 -0.08 0.06
按 0.03 -0.01 0.05 0.03 -0.13
閃耀 0.00 0.09 0.00 -0.03 0.05
嗓門 -0.03 0.00 -0.01 -0.04 0.04
聽說 -0.03 0.00 -0.01 -0.04 0.04
火鍋 0.00 0.00 0.00 0.00 0.00
婦科 0.00 0.00 0.00 0.00 0.00
頭痛 0.00 0.00 0.00 0.00 0.00
小時 -0.02 0.02 0.07 0.09 -0.15
地板 -0.02 0.05 0.03 0.01 -0.04
街 -0.02 0.05 0.03 0.01 -0.04
節氣 -0.02 0.02 0.07 0.09 -0.15
駕駛 0.03 -0.01 0.05 0.03 -0.13
心理 0.06 0.07 0.04 0.01 0.04
高年級 0.06 0.07 0.04 0.01 0.04
副總裁 0.06 0.07 0.04 0.01 0.04
遊輪 -0.03 0.07 0.03 -0.01 -0.05
樓中樓 -0.01 -0.02 0.04 0.06 -0.15
佣金 0.00 0.00 0.00 0.00 0.00
價 0.00 0.00 0.00 0.00 0.00
死神 -0.02 -0.04 -0.02 -0.06 0.05
