去年 -0.02 0.02 0.07 0.09 -0.15
陸 -0.03 0.05 -0.03 -0.02 -0.06
同事 0.20 0.03 0.08 0.00 -0.06
反對 -0.09 -0.33 -0.35 -0.39 0.20
有錢 0.10 0.00 0.01 -0.04 0.06
深情 0.10 0.00 0.01 -0.04 0.06
瑣碎 0.00 -0.25 -0.15 -0.17 0.08
鬱 0.00 -0.37 -0.15 -0.16 0.07
捉 -0.06 0.00 -0.04 -0.08 0.06
血 -0.05 -0.04 -0.04 -0.04 0.02
春天 -0.02 0.02 0.07 0.09 -0.15
旁 -0.02 0.05 0.03 0.01 -0.04
掉下 0.03 -0.01 0.05 0.03 -0.13
閏年 -0.02 0.02 0.07 0.09 -0.15
校隊 0.06 0.07 0.04 0.01 0.04
商業 0.06 0.07 0.04 0.01 0.04
摘要 0.06 0.07 0.04 0.01 0.04
休息 -0.03 0.07 0.03 -0.01 -0.05
宗派 0.00 0.03 0.00 -0.06 0.07
師父 0.00 0.03 0.00 -0.06 0.07
撒旦 0.00 0.03 0.00 -0.06 0.07
祭祀 -0.02 -0.04 -0.02 -0.06 0.05
