斤 0.00 0.00 0.00 0.00 0.00
妳 0.14 -0.09 0.00 -0.04 0.07
當天 0.00 0.00 0.00 0.00 0.00
關於 0.00 0.06 0.04 0.08 -0.04
描述 0.05 0.07 0.00 -0.11 0.09
發揮 0.00 0.00 0.00 0.00 0.00
份子 0.12 -0.02 -0.01 -0.10 0.06
一無所有 0.00 -0.37 -0.15 -0.16 0.07
多疑 0.00 -0.25 -0.15 -0.17 0.08
背叛 -0.03 -0.33 -0.31 -0.31 0.14
首創 0.03 -0.07 -0.04 -0.06 0.04
恩典 0.10 0.03 0.01 -0.10 0.13
欲絕 0.00 -0.37 -0.15 -0.16 0.07
對抗 -0.09 -0.33 -0.35 -0.39 0.20
親密 0.03 -0.07 -0.04 -0.06 0.04
遺棄 0.03 -0.38 -0.10 -0.13 -0.06
膽量 0.10 0.00 0.01 -0.04 0.06
纏訟 -0.06 -0.25 -0.19 -0.25 0.14
歡愉 0.10 0.00 0.01 -0.04 0.06
思索 -0.04 -0.03 -0.02 -0.09 0.07
徵象 -0.03 -0.02 -0.02 -0.06 0.02
中醫 0.00 0.00 0.00 0.00 0.00
幻覺 0.00 0.00 0.00 0.00 0.00
卵巢 0.02 -0.06 -0.04 -0.08 0.11
陰莖 0.02 -0.06 -0.04 -0.08 0.11
春節 -0.02 0.02 0.07 0.09 -0.15
等一下 -0.02 0.02 0.07 0.09 -0.15
擺 -0.02 0.05 0.03 0.01 -0.04
托福 0.06 0.07 0.04 0.01 0.04
殺價 0.00 0.00 0.00 0.00 0.00
弘法 0.00 0.03 0.00 -0.06 0.07
拉比 0.00 0.03 0.00 -0.06 0.07
極樂世界 0.00 0.03 0.00 -0.06 0.07
錫克教 0.00 0.03 0.00 -0.06 0.07
