不決 -0.08 -0.12 -0.11 -0.07 0.01
它 0.07 -0.12 0.04 0.02 -0.06
既然 0.00 0.00 0.00 0.00 0.00
隨地 0.00 0.00 0.00 0.00 0.00
賣 0.00 0.00 0.00 0.00 0.00
垃圾 -0.04 -0.33 -0.45 -0.42 0.22
協商 0.14 0.07 0.06 -0.01 0.06
表弟 0.13 -0.05 0.11 0.02 -0.05
仔細 0.07 -0.02 -0.01 -0.10 0.08
堅決 0.09 -0.02 -0.02 -0.11 0.06
寂寥 0.00 -0.37 -0.15 -0.16 0.07
羞恥 -0.03 -0.33 -0.31 -0.31 0.14
惡運 0.00 -0.25 -0.15 -0.17 0.08
傷人 0.00 -0.37 -0.15 -0.16 0.07
僵持 -0.06 -0.25 -0.19 -0.25 0.14
謝意 0.10 0.00 0.01 -0.04 0.06
懶散 0.00 -0.17 -0.13 -0.16 -0.04
嚴重 0.03 -0.07 -0.04 -0.06 0.04
贏錢 0.13 0.01 0.00 -0.02 -0.01
靠攏 0.01 -0.03 0.01 -0.02 -0.01
手 -0.06 -0.13 0.00 -0.02 -0.02
燭光 0.00 0.09 0.00 -0.03 0.05
午餐 0.00 0.00 0.00 0.00 0.00
弄醒 -0.05 -0.04 -0.04 -0.04 0.02
抽筋 0.00 0.00 0.00 0.00 0.00
痂 0.00 0.00 0.00 0.00 0.00
高大 -0.02 0.05 0.03 0.01 -0.04
雙面 0.00 0.00 0.00 0.00 0.00
遷移 0.06 0.07 0.04 0.01 0.04
休閒 -0.03 0.07 0.03 -0.01 -0.05
中元 0.00 0.03 0.00 -0.06 0.07
