反 -0.08 -0.12 -0.11 -0.07 0.01
沒完 -0.08 -0.12 -0.11 -0.07 0.01
始於 -0.02 0.08 0.11 0.17 -0.19
便 0.00 0.00 0.00 0.00 0.00
製造 0.04 0.02 0.02 -0.09 0.01
贏 0.10 0.00 0.01 -0.04 0.06
人際 0.08 0.00 0.02 -0.02 0.02
昂貴 0.03 -0.07 -0.04 -0.06 0.04
活潑 0.10 0.00 0.01 -0.04 0.06
英勇 0.10 0.00 0.01 -0.04 0.06
動聽 0.10 0.00 0.01 -0.04 0.06
輕蔑 0.00 -0.25 -0.15 -0.17 0.08
獎 0.19 0.08 0.04 -0.01 0.03
激勵 0.09 -0.02 -0.02 -0.11 0.06
沉思 -0.07 0.04 0.01 -0.10 0.02
表示 -0.04 -0.03 -0.02 -0.09 0.07
禁阻 -0.06 0.00 -0.04 -0.08 0.06
目睹 0.00 0.09 0.00 -0.03 0.05
熱 -0.01 -0.09 0.04 0.02 -0.04
擰 -0.01 -0.09 0.04 0.02 -0.04
脂肪 -0.05 -0.04 -0.04 -0.04 0.02
過重 0.00 0.00 0.00 0.00 0.00
曬傷 -0.03 0.07 0.03 -0.01 -0.05
攀登 0.03 -0.01 0.05 0.03 -0.13
上司 0.06 0.07 0.04 0.01 0.04
典當 0.06 0.07 0.04 0.01 0.04
職務 0.06 0.07 0.04 0.01 0.04
醉 -0.03 0.07 0.03 -0.01 -0.05
償付 0.00 0.00 0.00 0.00 0.00
摩門 0.00 0.03 0.00 -0.06 0.07
披麻 -0.02 -0.04 -0.02 -0.06 0.05
骨灰 -0.02 -0.04 -0.02 -0.06 0.05
墓穴 -0.02 -0.04 -0.02 -0.06 0.05
墓地 -0.02 -0.04 -0.02 -0.06 0.05
