不好 -0.08 -0.12 -0.11 -0.07 0.01
不應該 -0.06 -0.15 -0.10 -0.09 0.07
支 0.00 0.00 0.00 0.00 0.00
日 -0.02 0.02 0.07 0.09 -0.15
如此一來 -0.02 -0.05 -0.02 -0.10 -0.03
沒指望 -0.08 -0.12 -0.11 -0.07 0.01
無緣 -0.08 -0.12 -0.11 -0.07 0.01
跟 0.00 0.06 0.04 0.08 -0.04
總共 0.02 -0.03 0.01 -0.02 0.06
拿來 0.03 -0.01 0.05 0.03 -0.13
出嫁 0.13 -0.05 0.11 0.02 -0.05
首要 0.06 -0.06 -0.05 -0.04 -0.03
無能 0.03 -0.36 -0.16 -0.14 0.00
一起 0.00 0.03 0.16 0.11 -0.33
沿路 0.01 -0.03 0.01 -0.02 -0.01
阻擾 -0.06 0.00 -0.04 -0.08 0.06
灰 0.00 0.09 0.00 -0.03 0.05
棕色 0.00 0.09 0.00 -0.03 0.05
生命 -0.05 -0.04 -0.04 -0.04 0.02
拉皮 0.00 0.00 0.00 0.00 0.00
暴飲暴食 0.00 0.00 0.00 0.00 0.00
升級 0.00 0.00 0.00 0.00 0.00
民國 -0.02 0.02 0.07 0.09 -0.15
提高 0.06 0.00 0.04 0.05 -0.20
覆蓋 -0.02 0.05 0.03 0.01 -0.04
辦公桌 0.06 0.07 0.04 0.01 0.04
力爭 0.03 0.01 -0.01 0.02 -0.07
沙發 -0.01 -0.02 0.04 0.06 -0.15
