關係 0.11 0.01 0.01 0.00 -0.05
及時 0.10 0.00 0.01 -0.04 0.06
低迷 0.00 -0.37 -0.15 -0.16 0.07
無助 0.00 -0.37 -0.15 -0.16 0.07
包括 0.01 -0.03 0.01 -0.02 -0.01
估計 -0.04 -0.03 -0.02 -0.09 0.07
戒除 -0.06 0.00 -0.04 -0.08 0.06
阻塞 -0.06 0.00 -0.04 -0.08 0.06
思維 -0.04 -0.03 -0.02 -0.09 0.07
許可 -0.02 -0.05 -0.02 -0.10 -0.03
下巴 -0.05 -0.04 -0.04 -0.04 0.02
處女 0.07 -0.02 0.00 -0.04 0.09
腳 -0.05 -0.04 -0.04 -0.04 0.02
足跡 0.03 -0.01 0.05 0.03 -0.13
流 0.03 -0.01 0.05 0.03 -0.13
時節 -0.02 0.02 0.07 0.09 -0.15
科學 0.06 0.07 0.04 0.01 0.04
財力 0.09 0.08 0.03 0.03 -0.03
退休金 0.06 0.07 0.04 0.01 0.04
課本 0.06 0.07 0.04 0.01 0.04
表演 0.00 0.08 0.02 0.01 -0.12
捐獻 0.00 0.00 0.00 0.00 0.00
摩門教 0.00 0.03 0.00 -0.06 0.07
穆罕默德 0.00 0.03 0.00 -0.06 0.07
殺人 -0.02 -0.04 -0.02 -0.06 0.05
