未 -0.08 -0.12 -0.11 -0.07 0.01
如此 -0.02 -0.05 -0.02 -0.10 -0.03
於是 0.00 0.00 0.00 0.00 0.00
整個 -0.02 0.05 0.03 0.01 -0.04
大哥大 0.08 0.00 0.02 -0.02 0.02
小伙子 0.12 -0.02 -0.01 -0.10 0.06
民眾 0.08 0.00 0.02 -0.02 0.02
沉重 -0.01 -0.34 -0.11 -0.15 0.04
必備 0.02 -0.03 0.01 -0.02 0.06
基本 -0.02 -0.05 -0.02 -0.10 -0.03
規則 -0.06 0.00 -0.04 -0.08 0.06
結論 0.00 -0.05 -0.03 -0.11 -0.05
監禁 -0.06 0.00 -0.04 -0.08 0.06
禿頭 -0.05 -0.04 -0.04 -0.04 0.02
青春痘 0.00 0.00 0.00 0.00 0.00
胸脯 0.02 -0.06 -0.04 -0.08 0.11
掌 -0.05 -0.04 -0.04 -0.04 0.02
嘴部 -0.05 -0.04 -0.04 -0.04 0.02
高齡 -0.02 0.02 0.07 0.09 -0.15
批發 0.06 0.07 0.04 0.01 0.04
買主 0.06 0.07 0.04 0.01 0.04
勤懇 0.03 0.01 -0.01 0.02 -0.07
浴場 -0.03 0.07 0.03 -0.01 -0.05
票價 -0.03 0.07 0.03 -0.01 -0.05
存錢 0.00 0.00 0.00 0.00 0.00
折扣 0.00 0.00 0.00 0.00 0.00
傷者 -0.02 -0.04 -0.02 -0.06 0.05
靈柩 -0.02 -0.04 -0.02 -0.06 0.05
