乃 0.00 0.00 0.00 0.00 0.00
不時 -0.08 -0.12 -0.11 -0.07 0.01
不堪 -0.08 -0.12 -0.11 -0.07 0.01
高 -0.02 0.05 0.03 0.01 -0.04
較 0.00 0.06 0.04 0.08 -0.04
飛 0.03 -0.01 0.05 0.03 -0.13
淑女 0.08 0.00 0.02 -0.02 0.02
懷疑 -0.03 -0.43 -0.15 -0.29 0.18
聽聞 0.05 0.00 0.01 -0.06 0.06
外傷 0.00 -0.25 -0.15 -0.17 0.08
喝采 0.10 0.00 0.01 -0.04 0.06
就緒 0.03 -0.07 -0.04 -0.06 0.04
樂在其中 0.10 0.00 0.01 -0.04 0.06
獎勵 0.19 0.08 0.04 -0.01 0.03
窮 0.00 -0.25 -0.15 -0.17 0.08
懊悔 -0.03 -0.39 -0.17 -0.22 0.09
典型 -0.09 -0.03 -0.05 -0.12 0.07
停車 -0.06 0.00 -0.04 -0.08 0.06
白皙 0.00 0.09 0.00 -0.03 0.05
性別 0.07 -0.02 0.00 -0.04 0.09
唇部 -0.05 -0.04 -0.04 -0.04 0.02
神經 -0.05 -0.04 -0.04 -0.04 0.02
前年 -0.02 0.02 0.07 0.09 -0.15
後來 -0.02 0.02 0.07 0.09 -0.15
航程 0.03 -0.01 0.05 0.03 -0.13
筆直 -0.02 0.05 0.03 0.01 -0.04
學期 0.04 0.09 0.11 0.10 -0.11
初級 0.06 0.07 0.04 0.01 0.04
要職 0.06 0.07 0.04 0.01 0.04
練習 0.09 0.08 0.03 0.03 -0.03
聯盟 0.06 0.07 0.04 0.01 0.04
本領 0.03 0.01 -0.01 0.02 -0.07
詩 -0.03 0.07 0.03 -0.01 -0.05
掃除 -0.01 -0.02 0.04 0.06 -0.15
乞討 0.00 0.00 0.00 0.00 0.00
苦行 0.00 0.03 0.00 -0.06 0.07
