不願 -0.08 -0.12 -0.11 -0.07 0.01
由於 -0.02 0.01 0.02 -0.02 -0.07
其 0.07 -0.12 0.04 0.02 -0.06
非 -0.08 -0.12 -0.11 -0.07 0.01
晚近 -0.02 0.02 0.07 0.09 -0.15
無所 -0.02 -0.16 -0.07 -0.05 0.04
新生兒 0.12 -0.02 -0.01 -0.10 0.06
小氣 -0.03 -0.33 -0.31 -0.31 0.14
沮喪 0.00 -0.37 -0.15 -0.16 0.07
恐怖 -0.01 -0.39 -0.12 -0.12 0.04
偏好 -0.01 -0.10 -0.06 -0.15 0.11
期盼 0.01 -0.03 -0.04 -0.16 0.13
傷悲 0.00 -0.37 -0.15 -0.16 0.07
厭食 0.00 -0.25 -0.15 -0.17 0.08
說謊 -0.03 -0.33 -0.31 -0.31 0.14
寬大 0.07 0.03 0.08 0.03 -0.13
暴躁 -0.03 -0.33 -0.31 -0.31 0.14
追憶 -0.04 -0.03 -0.02 -0.09 0.07
慾望 0.04 -0.04 -0.02 -0.10 0.11
避人 -0.06 0.00 -0.04 -0.08 0.06
擴展 0.01 -0.03 0.01 -0.02 -0.01
三角 0.00 0.09 0.00 -0.03 0.05
香 0.00 0.00 0.00 0.00 0.00
變暗 0.00 0.09 0.00 -0.03 0.05
健保 0.00 0.00 0.00 0.00 0.00
一月 -0.02 0.02 0.07 0.09 -0.15
年節 -0.02 0.02 0.07 0.09 -0.15
表面 -0.02 0.05 0.03 0.01 -0.04
委員 0.06 0.07 0.04 0.01 0.04
誠懇 0.03 0.01 -0.01 0.02 -0.07
工藝 -0.03 0.07 0.03 -0.01 -0.05
券 -0.03 0.07 0.03 -0.01 -0.05
挪威幣 0.00 0.00 0.00 0.00 0.00
麥加 0.00 0.03 0.00 -0.06 0.07
