不差 -0.08 -0.12 -0.11 -0.07 0.01
肆 -0.03 0.05 -0.03 -0.02 -0.06
確實 0.02 -0.03 0.01 -0.02 0.06
乾姐 0.13 -0.05 0.11 0.02 -0.05
大笑 0.10 0.00 0.01 -0.04 0.06
打倒 0.03 -0.07 -0.04 -0.06 0.04
忠 0.10 0.00 0.01 -0.04 0.06
意外 -0.12 -0.08 -0.07 -0.21 0.17
大叫 -0.03 0.00 -0.01 -0.04 0.04
乾爽 -0.01 -0.09 0.04 0.02 -0.04
麻 -0.01 -0.09 0.04 0.02 -0.04
環 0.00 0.09 0.00 -0.03 0.05
淋病 0.07 -0.02 0.00 -0.04 0.09
撐 0.00 0.00 0.00 0.00 0.00
大前天 -0.02 0.02 0.07 0.09 -0.15
公安 0.06 0.07 0.04 0.01 0.04
導演 0.06 0.07 0.04 0.01 0.04
交響樂 -0.03 0.07 0.03 -0.01 -0.05
公寓 -0.01 -0.02 0.04 0.06 -0.15
密室 -0.01 -0.02 0.04 0.06 -0.15
清除 -0.01 -0.02 0.04 0.06 -0.15
就寢 -0.01 -0.02 0.04 0.06 -0.15
退款 0.00 0.00 0.00 0.00 0.00
