部分 -0.11 0.02 -0.02 -0.11 0.03
叩 0.08 0.00 0.02 -0.02 0.02
再見 0.06 0.02 0.09 0.07 -0.13
伴侶 0.36 -0.11 0.14 -0.05 -0.02
提到 0.05 -0.02 0.00 -0.08 0.04
黨派 0.14 0.07 0.06 -0.01 0.06
有趣 0.10 0.00 0.01 -0.04 0.06
幸運 0.10 0.00 0.01 -0.04 0.06
惶 -0.01 -0.39 -0.12 -0.12 0.04
虛心 0.03 -0.07 -0.04 -0.06 0.04
讚不絕口 0.10 0.00 0.01 -0.04 0.06
三思 -0.04 -0.03 -0.02 -0.09 0.07
禁制 -0.06 0.00 -0.04 -0.08 0.06
橘色 0.00 0.09 0.00 -0.03 0.05
狼吞虎嚥 0.00 0.00 0.00 0.00 0.00
宿醉 0.00 0.00 0.00 0.00 0.00
診斷 0.00 0.00 0.00 0.00 0.00
催吐 0.00 0.00 0.00 0.00 0.00
葡萄酒 -0.03 0.07 0.03 -0.01 -0.05
癮 0.00 0.00 0.00 0.00 0.00
底下 -0.02 0.05 0.03 0.01 -0.04
底層 -0.02 0.05 0.03 0.01 -0.04
客戶 0.00 0.00 0.00 0.00 0.00
