人 0.19 -0.14 0.03 -0.08 0.00
不可思議 -0.08 -0.21 -0.17 -0.19 0.07
年 0.00 0.00 0.00 0.00 0.00
儘管 0.00 0.00 0.00 0.00 0.00
描寫 0.08 0.00 0.02 -0.02 0.02
爛貨 -0.04 -0.33 -0.45 -0.42 0.22
分擔 0.11 -0.07 -0.02 -0.08 0.06
角色 0.08 0.00 0.02 -0.02 0.02
集會 0.14 0.10 0.06 -0.07 0.13
反叛 -0.03 -0.33 -0.31 -0.31 0.14
回春 0.10 0.00 0.01 -0.04 0.06
深思 0.06 -0.03 -0.01 -0.13 0.13
壞話 -0.03 -0.33 -0.31 -0.31 0.14
始料未及 -0.04 -0.03 -0.02 -0.09 0.07
詮釋 -0.04 -0.03 -0.02 -0.09 0.07
吵 -0.03 0.00 -0.01 -0.04 0.04
下藥 0.00 0.00 0.00 0.00 0.00
流食 0.00 0.00 0.00 0.00 0.00
餓 0.00 0.00 0.00 0.00 0.00
服務 0.06 0.07 0.04 0.01 0.04
股份 0.06 0.07 0.04 0.01 0.04
計畫 0.09 0.08 0.03 0.03 -0.03
班級 0.06 0.07 0.04 0.01 0.04
雄心 0.09 0.08 0.03 0.03 -0.03
房東 -0.01 -0.02 0.04 0.06 -0.15
透天 -0.01 -0.02 0.04 0.06 -0.15
