不負 -0.08 -0.12 -0.11 -0.07 0.01
美元 0.00 0.00 0.00 0.00 0.00
間 0.00 0.00 0.00 0.00 0.00
當時 -0.02 0.02 0.07 0.09 -0.15
像是 -0.04 0.01 -0.01 -0.03 -0.01
服從 -0.03 -0.07 -0.08 -0.14 0.10
盼望 0.01 -0.03 -0.04 -0.16 0.13
逃離 0.02 -0.40 -0.07 -0.09 -0.09
嚴酷 -0.03 -0.33 -0.31 -0.31 0.14
每逢 0.06 -0.04 0.04 0.02 0.03
披露 -0.04 -0.03 -0.02 -0.09 0.07
創辦人 0.01 -0.04 -0.03 -0.08 -0.10
源自 -0.04 -0.03 0.05 -0.01 -0.18
管制 -0.06 0.00 -0.04 -0.08 0.06
類似 -0.09 -0.03 -0.05 -0.12 0.07
顯露 -0.03 -0.02 -0.02 -0.06 0.02
拉屎 -0.05 -0.04 -0.04 -0.04 0.02
盲人 0.00 0.00 0.00 0.00 0.00
阿斯匹靈 0.00 0.00 0.00 0.00 0.00
腸子 -0.05 -0.04 -0.04 -0.04 0.02
頭昏眼花 0.00 0.00 0.00 0.00 0.00
餐 0.00 0.00 0.00 0.00 0.00
下降 0.01 0.04 0.08 0.04 -0.17
之上 -0.02 0.05 0.03 0.01 -0.04
前世 0.00 0.00 0.00 0.00 0.00
接棒 0.03 -0.01 0.05 0.03 -0.13
跑者 0.03 -0.01 0.05 0.03 -0.13
舞台 -0.02 0.05 0.03 0.01 -0.04
付款 0.06 0.07 0.04 0.01 0.04
盤問 0.06 0.07 0.04 0.01 0.04
洗碗機 -0.01 -0.02 0.04 0.06 -0.15
