不再 -0.10 -0.10 -0.04 0.02 -0.14
牠們 0.07 -0.12 0.04 0.02 -0.06
祂 0.15 -0.12 0.06 0.00 -0.04
陣 0.00 0.00 0.00 0.00 0.00
副 0.00 0.00 0.00 0.00 0.00
安靜 0.07 0.00 0.00 -0.08 0.10
呆 0.00 -0.25 -0.15 -0.17 0.08
卑劣 -0.03 -0.33 -0.31 -0.31 0.14
散漫 0.03 -0.24 -0.16 -0.15 0.01
分辨 -0.04 -0.03 -0.02 -0.09 0.07
打聽 -0.03 -0.02 -0.02 -0.06 0.02
盡責 0.06 0.06 0.01 -0.03 -0.01
冰冷 -0.01 -0.09 0.04 0.02 -0.04
喧鬧 -0.03 0.00 -0.01 -0.04 0.04
紫紅 0.00 0.09 0.00 -0.03 0.05
聲音 -0.03 0.00 -0.01 -0.04 0.04
開胃菜 0.00 0.00 0.00 0.00 0.00
南 -0.02 0.05 0.03 0.01 -0.04
後續 -0.02 0.02 0.07 0.09 -0.15
晚點 -0.02 0.02 0.07 0.09 -0.15
現時 -0.02 0.02 0.07 0.09 -0.15
陪同 0.03 -0.01 0.05 0.03 -0.13
頂部 -0.02 0.05 0.03 0.01 -0.04
開端 -0.02 0.02 0.07 0.09 -0.15
跨步 0.03 -0.01 0.05 0.03 -0.13
秘書 0.06 0.07 0.04 0.01 0.04
薪餉 0.06 0.07 0.04 0.01 0.04
功效 0.03 0.01 -0.01 0.02 -0.07
高層 0.03 0.01 -0.01 0.02 -0.07
實力 0.03 0.01 -0.01 0.02 -0.07
遊艇 -0.03 0.07 0.03 -0.01 -0.05
運動鞋 -0.03 0.07 0.03 -0.01 -0.05
布幕 -0.01 -0.02 0.04 0.06 -0.15
摸彩 0.00 0.00 0.00 0.00 0.00
洗禮 0.00 0.03 0.00 -0.06 0.07
悔罪 0.00 0.03 0.00 -0.06 0.07
