不要 -0.08 -0.12 -0.11 -0.07 0.01
同 0.01 -0.03 0.01 -0.02 -0.01
在下 0.12 -0.27 0.09 0.06 -0.20
汝 0.14 -0.09 0.00 -0.04 0.07
偶爾 -0.11 -0.01 0.02 -0.03 -0.08
得 0.00 0.00 0.00 0.00 0.00
越來越 0.00 0.06 0.04 0.08 -0.04
失去 0.03 -0.36 -0.16 -0.14 0.00
生存 0.03 0.01 -0.01 0.02 -0.07
曉得 -0.04 -0.03 -0.02 -0.09 0.07
太太 0.17 -0.07 0.08 -0.06 -0.01
媽咪 0.13 -0.05 0.11 0.02 -0.05
寬恕 0.14 0.00 0.01 -0.21 0.22
讚譽 0.18 0.00 0.03 -0.06 0.08
丟臉 0.00 -0.25 -0.15 -0.17 0.08
理智 0.06 -0.03 -0.01 -0.13 0.13
貪念 0.00 -0.25 -0.15 -0.17 0.08
尊榮 0.10 0.00 0.01 -0.04 0.06
智慧 0.03 -0.04 -0.04 -0.12 0.11
發狂 -0.03 -0.33 -0.31 -0.31 0.14
煩悶 -0.03 -0.33 -0.31 -0.31 0.14
熱情 0.16 -0.11 0.05 -0.06 0.11
海枯石爛 0.02 -0.03 0.01 -0.02 0.06
緊 -0.07 -0.09 0.00 -0.06 0.02
增加 0.01 -0.03 0.01 -0.02 -0.01
確證 0.02 -0.03 0.01 -0.02 0.06
翻譯 -0.04 -0.03 -0.02 -0.09 0.07
聞 0.00 0.00 0.00 0.00 0.00
外科 0.00 0.00 0.00 0.00 0.00
性變態 0.07 -0.02 0.00 -0.04 0.09
關節 -0.05 -0.04 -0.04 -0.04 0.02
匆 -0.02 0.02 0.07 0.09 -0.15
行程 0.03 -0.01 0.05 0.03 -0.13
長命 -0.02 0.02 0.07 0.09 -0.15
運輸 0.03 -0.01 0.05 0.03 -0.13
轉角 -0.02 0.05 0.03 0.01 -0.04
平台 -0.01 -0.02 0.04 0.06 -0.15
教宗 0.00 0.03 0.00 -0.06 0.07
祭拜 -0.02 -0.04 -0.02 -0.06 0.05
靈骨塔 -0.02 -0.04 -0.02 -0.06 0.05
