可 -0.02 0.00 -0.02 -0.10 0.06
步 0.00 0.00 0.00 0.00 0.00
依照 -0.09 0.03 -0.01 -0.04 0.03
首先 -0.02 0.02 0.07 0.09 -0.15
王八蛋 -0.04 -0.33 -0.45 -0.42 0.22
嘉獎 0.21 0.01 0.02 -0.04 0.01
仁心 0.10 0.00 0.01 -0.04 0.06
丟人現眼 0.00 -0.25 -0.15 -0.17 0.08
咆嘯 -0.03 -0.33 -0.31 -0.31 0.14
忠心 0.10 0.00 0.01 -0.04 0.06
迷惑 -0.10 -0.42 -0.17 -0.24 0.11
債務 0.00 -0.25 -0.15 -0.17 0.08
優勝 0.19 0.08 0.04 -0.01 0.03
護 0.10 0.00 0.01 -0.04 0.06
懲處 -0.06 0.00 -0.04 -0.08 0.06
光 0.00 0.09 0.00 -0.03 0.05
壓 -0.01 -0.09 0.04 0.02 -0.04
冰淇淋 0.00 0.00 0.00 0.00 0.00
西斯 0.07 -0.02 0.00 -0.04 0.09
癌 0.00 0.00 0.00 0.00 0.00
樓上 -0.02 0.05 0.03 0.01 -0.04
申請 0.06 0.07 0.04 0.01 0.04
所得 0.09 0.08 0.03 0.03 -0.03
集團 0.06 0.07 0.04 0.01 0.04
假期 -0.04 0.05 0.07 0.05 -0.20
信箱 -0.01 -0.02 0.04 0.06 -0.15
