不滿 -0.11 -0.45 -0.42 -0.38 0.15
由 0.00 0.06 0.04 0.08 -0.04
多於 0.00 0.06 0.04 0.08 -0.04
呀 0.00 0.00 0.00 0.00 0.00
無禮 -0.11 -0.45 -0.42 -0.38 0.15
站 0.00 0.00 0.00 0.00 0.00
信義 0.10 0.00 0.01 -0.04 0.06
發抖 -0.01 -0.39 -0.12 -0.12 0.04
愛心 0.10 0.00 0.01 -0.04 0.06
煩擾 -0.04 -0.47 -0.28 -0.26 0.10
輕視 -0.03 -0.33 -0.31 -0.31 0.14
錯亂 -0.01 -0.39 -0.12 -0.12 0.04
觀 0.00 0.09 0.00 -0.03 0.05
止痛藥 0.00 0.00 0.00 0.00 0.00
披衣菌 0.00 0.00 0.00 0.00 0.00
肺臟 -0.05 -0.04 -0.04 -0.04 0.02
胸膛 -0.05 -0.04 -0.04 -0.04 0.02
暈眩 0.00 0.00 0.00 0.00 0.00
人間 -0.02 0.05 0.03 0.01 -0.04
時期 -0.02 0.02 0.07 0.09 -0.15
趨勢 -0.02 0.02 0.07 0.09 -0.15
冥想 -0.03 0.10 0.03 -0.07 0.02
畫本 -0.03 0.07 0.03 -0.01 -0.05
雕刻 -0.03 0.07 0.03 -0.01 -0.05
傭 -0.01 -0.02 0.04 0.06 -0.15
蕭條 0.00 0.00 0.00 0.00 0.00
大悲咒 0.00 0.03 0.00 -0.06 0.07
