八千 -0.03 0.05 -0.03 -0.02 -0.06
作 0.00 0.00 0.00 0.00 0.00
最少 0.00 0.00 0.00 0.00 0.00
暫不 -0.08 -0.12 -0.11 -0.07 0.01
輛 0.00 0.00 0.00 0.00 0.00
逃避 0.05 -0.39 -0.08 -0.07 -0.16
噓 -0.01 0.00 -0.14 -0.11 0.08
八卦 0.08 -0.25 -0.13 -0.19 0.10
同胞 0.14 -0.04 0.04 -0.01 -0.10
對付 0.02 0.00 -0.02 -0.10 0.08
玩耍 0.07 0.07 0.04 -0.05 0.01
挖苦 -0.03 -0.33 -0.31 -0.31 0.14
甜美 0.10 0.00 0.01 -0.04 0.06
眼花撩亂 0.00 -0.25 -0.15 -0.17 0.08
貪 0.00 -0.25 -0.15 -0.17 0.08
墮落 0.00 -0.25 -0.15 -0.17 0.08
堅硬 -0.01 -0.09 0.04 0.02 -0.04
舔 -0.05 -0.04 -0.04 -0.04 0.02
升 0.03 -0.01 0.05 0.03 -0.13
水平 -0.02 0.05 0.03 0.01 -0.04
片刻 -0.02 0.02 0.07 0.09 -0.15
浩瀚 -0.02 0.05 0.03 0.01 -0.04
滑動 0.03 -0.01 0.05 0.03 -0.13
慢跑 0.00 0.06 0.08 0.02 -0.18
稅 0.06 0.07 0.04 0.01 0.04
雷鬼 -0.03 0.07 0.03 -0.01 -0.05
賒帳 0.00 0.00 0.00 0.00 0.00
上香 -0.02 -0.04 -0.02 -0.06 0.05
