另 0.00 0.00 0.00 0.00 0.00
張 -0.02 0.05 0.03 0.01 -0.04
爾等 0.15 -0.12 0.06 0.00 -0.04
同志 0.14 -0.04 0.04 -0.01 -0.10
姨 0.13 -0.05 0.11 0.02 -0.05
堂弟 0.13 -0.05 0.11 0.02 -0.05
嫁娶 0.13 -0.05 0.11 0.02 -0.05
聚集 0.14 0.07 0.06 -0.01 0.06
孝 0.10 0.00 0.01 -0.04 0.06
陌生 0.00 -0.25 -0.15 -0.17 0.08
遠離 0.03 -0.26 -0.10 -0.14 -0.05
緩和 0.03 -0.07 -0.04 -0.06 0.04
嚴密 -0.06 0.00 -0.04 -0.08 0.06
吼叫 -0.03 0.00 -0.01 -0.04 0.04
汽水 0.00 0.00 0.00 0.00 0.00
狂歡 0.07 -0.02 0.00 -0.04 0.09
昏昏欲睡 0.00 0.00 0.00 0.00 0.00
徵候 0.00 0.00 0.00 0.00 0.00
右 -0.02 0.05 0.03 0.01 -0.04
白駒過隙 -0.02 0.02 0.07 0.09 -0.15
地點 -0.02 0.05 0.03 0.01 -0.04
待會 -0.02 0.02 0.07 0.09 -0.15
律動 0.03 -0.01 0.05 0.03 -0.13
參觀 0.03 -0.01 0.05 0.03 -0.13
國土 -0.02 0.05 0.03 0.01 -0.04
店員 0.06 0.07 0.04 0.01 0.04
副總 0.06 0.07 0.04 0.01 0.04
信條 0.00 0.03 0.00 -0.06 0.07
