不安 -0.09 -0.63 -0.23 -0.18 0.04
小妞 0.12 -0.02 -0.01 -0.10 0.06
自我 0.12 -0.02 -0.01 -0.10 0.06
社會 0.08 0.00 0.02 -0.02 0.02
繼父 0.13 -0.05 0.11 0.02 -0.05
拯救 0.10 0.03 0.01 -0.10 0.13
救 0.03 -0.07 -0.04 -0.06 0.04
傻 0.03 -0.07 -0.04 -0.06 0.04
入 -0.01 0.02 0.04 -0.01 -0.05
引發 -0.02 -0.05 -0.02 -0.10 -0.03
周圍 -0.01 0.02 0.04 -0.01 -0.05
停火 -0.06 0.00 -0.04 -0.08 0.06
胡說 0.00 0.00 0.00 0.00 0.00
乳房 0.02 -0.06 -0.04 -0.08 0.11
胃 -0.05 -0.04 -0.04 -0.04 0.02
造影 0.00 0.00 0.00 0.00 0.00
醫生 0.06 0.07 0.04 0.01 0.04
十一月 -0.02 0.02 0.07 0.09 -0.15
白天 -0.02 0.02 0.07 0.09 -0.15
早年 -0.02 0.02 0.07 0.09 -0.15
拉 0.03 -0.01 0.05 0.03 -0.13
拉扯 0.03 -0.01 0.05 0.03 -0.13
突出物 -0.02 0.05 0.03 0.01 -0.04
旅程 0.03 -0.01 0.05 0.03 -0.13
終生 -0.02 0.02 0.07 0.09 -0.15
遲 -0.02 0.02 0.07 0.09 -0.15
月薪 0.06 0.07 0.04 0.01 0.04
書桌 0.06 0.07 0.04 0.01 0.04
款項 0.00 0.00 0.00 0.00 0.00
太平間 -0.02 -0.04 -0.02 -0.06 0.05
