不了 -0.08 -0.12 -0.11 -0.07 0.01
不盡 -0.08 -0.12 -0.11 -0.07 0.01
平時 0.00 -0.12 -0.01 -0.03 -0.09
名 0.00 0.00 0.00 0.00 0.00
貌 0.00 0.00 0.00 0.00 0.00
居住 -0.01 -0.02 0.04 0.06 -0.15
仇人 0.05 -0.33 -0.29 -0.33 0.16
地位 0.09 0.06 0.04 0.01 -0.09
欣喜 0.10 0.00 0.01 -0.04 0.06
虛榮 0.03 -0.07 -0.04 -0.06 0.04
開明 0.10 0.00 0.01 -0.04 0.06
緊密 -0.09 -0.04 0.03 -0.05 -0.02
廢除 -0.06 0.00 -0.04 -0.08 0.06
搔癢 -0.01 -0.09 0.04 0.02 -0.04
臨床 0.00 0.00 0.00 0.00 0.00
日期 -0.02 0.02 0.07 0.09 -0.15
突然 -0.02 0.02 0.07 0.09 -0.15
過年 -0.02 0.02 0.07 0.09 -0.15
備忘錄 0.06 0.07 0.04 0.01 0.04
獲取 0.03 0.01 -0.01 0.02 -0.07
劇本 -0.03 0.07 0.03 -0.01 -0.05
樂透 0.00 0.00 0.00 0.00 0.00
西藏 0.00 0.03 0.00 -0.06 0.07
法事 -0.02 -0.04 -0.02 -0.06 0.05
對了 -0.04 0.01 -0.01 -0.03 -0.01
