似的 0.00 0.00 0.00 0.00 0.00
召集 0.08 0.00 0.02 -0.02 0.02
打招呼 0.08 0.00 0.02 -0.02 0.02
名號 0.08 0.00 0.02 -0.02 0.02
堂姐 0.13 -0.05 0.11 0.02 -0.05
集合 0.08 0.00 0.02 -0.02 0.02
慈祥 0.10 0.00 0.01 -0.04 0.06
洩漏 -0.04 -0.03 -0.02 -0.09 0.07
總體 -0.03 -0.02 -0.02 -0.06 0.02
光線 0.00 0.09 0.00 -0.03 0.05
拂 -0.01 -0.09 0.04 0.02 -0.04
口水 -0.05 -0.04 -0.04 -0.04 0.02
貞節 0.07 -0.02 0.00 -0.04 0.09
腎臟 -0.05 -0.04 -0.04 -0.04 0.02
市鎮 -0.02 0.05 0.03 0.01 -0.04
回歸 -0.02 0.02 0.07 0.09 -0.15
主攻 0.06 0.07 0.04 0.01 0.04
熟練 0.03 0.01 -0.01 0.02 -0.07
密宗 0.00 0.03 0.00 -0.06 0.07
受害人 -0.02 -0.04 -0.02 -0.06 0.05
