一直 0.00 -0.01 0.08 0.07 -0.09
之前 -0.04 0.07 0.10 0.10 -0.19
樣 0.00 0.00 0.00 0.00 0.00
外甥 0.13 -0.05 0.11 0.02 -0.05
結婚 0.13 -0.05 0.11 0.02 -0.05
失眠 -0.01 -0.39 -0.12 -0.12 0.04
死不 0.00 -0.25 -0.15 -0.17 0.08
抨擊 -0.03 -0.33 -0.31 -0.31 0.14
無常 -0.06 -0.10 -0.09 -0.18 0.11
誤 0.00 -0.25 -0.15 -0.17 0.08
濫情 0.03 -0.07 -0.04 -0.06 0.04
變動 -0.10 -0.42 -0.17 -0.24 0.11
迂迴 -0.03 -0.02 -0.02 -0.06 0.02
征服 -0.03 0.01 -0.05 -0.06 -0.01
區別 -0.04 -0.03 -0.02 -0.09 0.07
確立 0.02 -0.03 0.01 -0.02 0.06
細 -0.03 -0.04 0.07 0.03 -0.08
角膜 -0.05 -0.04 -0.04 -0.04 0.02
四月 -0.02 0.02 0.07 0.09 -0.15
再現 -0.02 0.02 0.07 0.09 -0.15
繞 -0.02 0.05 0.03 0.01 -0.04
分數 0.06 0.07 0.04 0.01 0.04
議長 0.06 0.07 0.04 0.01 0.04
暢銷 0.00 0.08 0.02 0.01 -0.12
鬼扯 -0.03 0.07 0.03 -0.01 -0.05
釣魚 -0.03 0.07 0.03 -0.01 -0.05
衣櫃 -0.01 -0.02 0.04 0.06 -0.15
採買 0.00 0.00 0.00 0.00 0.00
