有點 -0.09 -0.03 -0.05 -0.12 0.07
毫無 -0.06 -0.15 -0.10 -0.09 0.07
夥 0.08 0.00 0.02 -0.02 0.02
變遷 0.01 -0.06 0.03 -0.07 -0.16
親戚 0.13 -0.05 0.11 0.02 -0.05
寶貝 0.24 -0.04 0.05 -0.05 -0.04
伶俐 0.10 0.00 0.01 -0.04 0.06
弱點 -0.01 -0.39 -0.12 -0.12 0.04
尊嚴 0.10 0.00 0.01 -0.04 0.06
極好 0.13 0.01 0.00 -0.02 -0.01
煩躁 -0.03 -0.33 -0.31 -0.31 0.14
難過 0.00 -0.37 -0.15 -0.16 0.07
由來 -0.02 -0.05 -0.02 -0.10 -0.03
死板 -0.06 0.00 -0.04 -0.08 0.06
減除 -0.04 0.00 -0.04 -0.07 0.09
品嚐 0.00 0.00 0.00 0.00 0.00
演奏會 -0.06 0.07 0.02 -0.05 -0.01
中風 0.00 0.00 0.00 0.00 0.00
消炎 0.00 0.00 0.00 0.00 0.00
疹子 -0.05 -0.04 -0.04 -0.04 0.02
煮熟 0.00 0.00 0.00 0.00 0.00
維他命 0.00 0.00 0.00 0.00 0.00
年老 -0.02 0.02 0.07 0.09 -0.15
空前 -0.02 0.02 0.07 0.09 -0.15
逃家 0.03 -0.01 0.05 0.03 -0.13
擲 0.03 -0.01 0.05 0.03 -0.13
大師 0.09 0.08 0.03 0.03 -0.03
匯報 0.06 0.07 0.04 0.01 0.04
討價還價 0.00 0.00 0.00 0.00 0.00
經費 0.00 0.00 0.00 0.00 0.00
迴向 0.00 0.03 0.00 -0.06 0.07
