不常 -0.08 -0.12 -0.11 -0.07 0.01
沒 0.00 0.00 0.00 0.00 0.00
為止 0.00 0.00 0.00 0.00 0.00
單獨 0.00 -0.25 -0.15 -0.17 0.08
群 0.08 0.00 0.02 -0.02 0.02
玩 0.07 0.07 0.04 -0.05 0.01
動 0.03 -0.01 0.05 0.03 -0.13
演講 0.11 0.07 0.05 -0.05 0.10
鄰居 0.13 -0.06 0.08 0.05 -0.25
忘恩負義 0.00 -0.25 -0.15 -0.17 0.08
狂笑 0.10 0.00 0.01 -0.04 0.06
紛爭 0.00 -0.25 -0.15 -0.17 0.08
悶 0.00 -0.25 -0.15 -0.17 0.08
拘 -0.06 0.00 -0.04 -0.08 0.06
發源 -0.02 -0.05 -0.02 -0.10 -0.03
禁足 -0.06 0.00 -0.04 -0.08 0.06
天藍色 0.00 0.09 0.00 -0.03 0.05
看成 0.00 0.09 0.00 -0.03 0.05
美容 0.00 0.09 0.00 -0.03 0.05
稀薄 -0.01 -0.09 0.04 0.02 -0.04
瀏覽 0.00 0.09 0.00 -0.03 0.05
方面 -0.02 0.05 0.03 0.01 -0.04
舞蹈 0.00 0.06 0.08 0.02 -0.18
資源 0.09 0.08 0.03 0.03 -0.03
總統 0.09 0.08 0.03 0.03 -0.03
新教徒 0.00 0.03 0.00 -0.06 0.07
