六十 -0.03 0.05 -0.03 -0.02 -0.06
要 -0.03 -0.02 -0.02 -0.06 0.02
頓 0.00 0.00 0.00 0.00 0.00
奶媽 0.13 -0.05 0.11 0.02 -0.05
伯 0.13 -0.05 0.11 0.02 -0.05
規劃 0.14 0.06 0.03 -0.05 0.01
心灰意冷 0.00 -0.37 -0.15 -0.16 0.07
污穢 0.00 -0.25 -0.15 -0.17 0.08
弱 0.00 -0.25 -0.15 -0.17 0.08
腐爛 0.00 -0.25 -0.15 -0.17 0.08
優惠 0.10 0.00 0.01 -0.04 0.06
主意 -0.04 -0.03 -0.02 -0.09 0.07
何以見得 -0.02 -0.05 -0.02 -0.10 -0.03
習得 0.02 0.04 0.02 -0.08 0.11
結果 -0.01 -0.02 0.04 0.01 -0.25
意料 -0.04 -0.03 -0.02 -0.09 0.07
低語 -0.03 0.00 -0.01 -0.04 0.04
指節 -0.05 -0.04 -0.04 -0.04 0.02
裸 0.02 -0.06 -0.04 -0.08 0.11
年資 0.04 0.09 0.11 0.10 -0.11
次序 0.00 0.00 0.00 0.00 0.00
伸直 -0.02 0.05 0.03 0.01 -0.04
併吞 0.06 0.07 0.04 0.01 0.04
潔食 0.00 0.03 0.00 -0.06 0.07
齋月 0.00 0.03 0.00 -0.06 0.07
