真的 0.03 -0.01 0.01 -0.06 0.10
然而 -0.04 0.00 -0.04 -0.07 0.09
極 0.00 0.00 0.00 0.00 0.00
取 0.03 -0.01 0.05 0.03 -0.13
感染 0.00 0.00 0.00 0.00 0.00
男主角 0.12 -0.02 -0.01 -0.10 0.06
知會 0.04 -0.03 0.00 -0.11 0.09
傢伙 0.18 -0.06 0.01 -0.09 -0.06
視察 0.11 -0.01 0.07 0.01 -0.11
妄想 0.00 -0.25 -0.15 -0.17 0.08
昏亂 0.00 -0.25 -0.15 -0.17 0.08
空虛 0.00 -0.37 -0.15 -0.16 0.07
得體 0.10 0.00 0.01 -0.04 0.06
辨別 -0.04 -0.03 -0.02 -0.09 0.07
褐色 0.00 0.09 0.00 -0.03 0.05
白內障 0.00 0.00 0.00 0.00 0.00
粉刺 0.00 0.00 0.00 0.00 0.00
出口 -0.02 0.05 0.03 0.01 -0.04
容納 -0.02 0.05 0.03 0.01 -0.04
作業 0.05 0.05 0.08 0.07 -0.11
奮鬥 0.03 0.01 -0.01 0.02 -0.07
捐 0.00 0.00 0.00 0.00 0.00
伊斯蘭教 0.00 0.03 0.00 -0.06 0.07
