不到 -0.08 -0.12 -0.11 -0.07 0.01
不難 -0.08 -0.12 -0.11 -0.07 0.01
自從 0.00 0.00 0.00 0.00 0.00
遠遠 0.00 0.00 0.00 0.00 0.00
打斷 0.05 -0.33 -0.29 -0.33 0.16
通知 0.14 0.07 0.06 -0.01 0.06
矛盾 -0.09 -0.33 -0.35 -0.39 0.20
快樂 0.10 0.00 0.01 -0.04 0.06
決定 0.14 -0.03 0.01 -0.07 0.10
怒不 -0.03 -0.33 -0.31 -0.31 0.14
迷惘 -0.09 -0.40 -0.20 -0.28 0.14
偏見 -0.03 -0.33 -0.31 -0.31 0.14
推崇 0.10 0.00 0.01 -0.04 0.06
淨土 0.10 0.00 0.01 -0.04 0.06
無辜 0.03 -0.07 -0.04 -0.06 0.04
傷亡 -0.02 -0.41 -0.17 -0.22 0.12
每回 0.06 -0.04 0.04 0.02 0.03
顯現 -0.03 -0.02 -0.02 -0.06 0.02
粗 -0.03 -0.04 0.07 0.03 -0.08
景色 0.00 0.09 0.00 -0.03 0.05
胯部 -0.05 -0.04 -0.04 -0.04 0.02
入口 -0.02 0.05 0.03 0.01 -0.04
到來 0.03 -0.01 0.05 0.03 -0.13
室內 -0.02 0.05 0.03 0.01 -0.04
後期 -0.02 0.02 0.07 0.09 -0.15
打字 0.06 0.07 0.04 0.01 0.04
警方 0.06 0.07 0.04 0.01 0.04
毅力 0.03 0.01 -0.01 0.02 -0.07
支票 0.00 0.00 0.00 0.00 0.00
墳墓 -0.02 -0.04 -0.02 -0.06 0.05
