一旦 0.00 0.00 0.00 0.00 0.00
迅速 -0.02 0.02 0.07 0.09 -0.15
期 -0.02 0.02 0.07 0.09 -0.15
簡直 -0.03 -0.02 -0.02 -0.06 0.02
問 -0.02 -0.04 -0.03 -0.17 0.14
喝 -0.03 0.07 0.03 -0.01 -0.05
愛人 0.31 -0.06 0.05 -0.09 0.05
自負 0.03 -0.24 -0.16 -0.15 0.01
典範 0.10 0.00 0.01 -0.04 0.06
明智 0.06 -0.03 -0.01 -0.13 0.13
英雄 0.13 0.01 0.00 -0.02 -0.01
神聖 0.10 0.03 0.01 -0.10 0.13
瑣事 0.00 -0.25 -0.15 -0.17 0.08
遭受 0.00 -0.25 -0.15 -0.17 0.08
諾言 0.10 0.00 0.01 -0.04 0.06
獲獎 0.10 0.00 0.01 -0.04 0.06
必定 0.02 -0.03 0.01 -0.02 0.06
抓緊 -0.06 0.00 -0.04 -0.08 0.06
決定性 0.02 -0.03 0.01 -0.02 0.06
洞悉 -0.04 -0.03 -0.02 -0.09 0.07
機率 -0.09 -0.03 -0.05 -0.12 0.07
隨機 -0.09 -0.03 -0.05 -0.12 0.07
血液 -0.05 -0.04 -0.04 -0.04 0.02
動脈 -0.05 -0.04 -0.04 -0.04 0.02
掛號 0.00 0.00 0.00 0.00 0.00
餐館 -0.03 0.07 0.03 -0.01 -0.05
突出 0.07 0.13 0.06 0.04 -0.07
時令 -0.02 0.02 0.07 0.09 -0.15
追蹤 0.03 -0.01 0.05 0.03 -0.13
傳送 0.03 -0.01 0.05 0.03 -0.13
稠密 -0.02 0.05 0.03 0.01 -0.04
遠端 -0.02 0.05 0.03 0.01 -0.04
報紙 0.06 0.07 0.04 0.01 0.04
畫室 0.05 0.05 0.08 0.07 -0.11
造詣 0.03 0.01 -0.01 0.02 -0.07
日記 -0.03 0.07 0.03 -0.01 -0.05
運動場 -0.03 0.07 0.03 -0.01 -0.05
盜用 0.00 0.00 0.00 0.00 0.00
價格 0.00 0.00 0.00 0.00 0.00
白包 -0.02 -0.04 -0.02 -0.06 0.05
