沒見識 -0.08 -0.12 -0.11 -0.07 0.01
豈不是 -0.08 -0.12 -0.11 -0.07 0.01
見面 0.08 0.00 0.02 -0.02 0.02
達到 0.10 0.02 0.06 -0.04 -0.19
拮据 -0.01 -0.39 -0.12 -0.12 0.04
若無其事 0.03 -0.07 -0.04 -0.06 0.04
狹小 -0.02 -0.20 -0.12 -0.16 0.04
雅緻 0.10 0.00 0.01 -0.04 0.06
溫馨 0.10 0.00 0.01 -0.04 0.06
罪 0.00 -0.25 -0.15 -0.17 0.08
噁 0.00 -0.25 -0.15 -0.17 0.08
艱難 -0.06 -0.25 -0.19 -0.25 0.14
觸景傷情 0.00 -0.25 -0.15 -0.17 0.08
全力 0.02 -0.03 0.01 -0.02 0.06
蓄意 -0.04 -0.03 -0.02 -0.09 0.07
障礙 -0.08 0.05 -0.01 -0.07 0.02
震耳欲聾 -0.03 0.00 -0.01 -0.04 0.04
腳跟 -0.05 -0.04 -0.04 -0.04 0.02
出 -0.02 0.05 0.03 0.01 -0.04
失蹤 0.03 -0.01 0.05 0.03 -0.13
低垂 -0.02 0.05 0.03 0.01 -0.04
費時 -0.02 0.02 0.07 0.09 -0.15
落下 0.03 -0.01 0.05 0.03 -0.13
財金 0.06 0.07 0.04 0.01 0.04
資格考 0.06 0.07 0.04 0.01 0.04
長老 0.00 0.03 0.00 -0.06 0.07
教徒 0.00 0.03 0.00 -0.06 0.07
教會 0.00 0.03 0.00 -0.06 0.07
