以免 0.00 0.00 0.00 0.00 0.00
亦 0.00 0.00 0.00 0.00 0.00
即使 0.00 0.00 0.00 0.00 0.00
過 -0.02 0.11 0.07 0.09 -0.08
噸 0.00 0.00 0.00 0.00 0.00
隨便 0.00 -0.25 -0.15 -0.17 0.08
賺錢 0.09 0.08 0.03 0.03 -0.03
公開 0.08 0.00 0.02 -0.02 0.02
批評 0.05 -0.33 -0.29 -0.33 0.16
後代 0.08 0.00 0.02 -0.02 0.02
組織 0.17 0.08 0.05 0.01 -0.01
哀淒 0.00 -0.37 -0.15 -0.16 0.07
容忍 0.03 -0.07 -0.04 -0.06 0.04
悲劇 0.00 -0.37 -0.15 -0.16 0.07
誤會 -0.04 -0.28 -0.17 -0.26 0.15
懷鄉 0.03 -0.07 -0.04 -0.06 0.04
內幕 0.01 -0.03 0.01 -0.02 -0.01
未決 -0.09 -0.03 -0.05 -0.12 0.07
禁令 -0.06 0.00 -0.04 -0.08 0.06
歸屬 0.01 -0.03 0.01 -0.02 -0.01
甘美 0.00 0.00 0.00 0.00 0.00
漲紅 0.00 0.09 0.00 -0.03 0.05
挑逗 0.07 -0.02 0.00 -0.04 0.09
飛行 0.03 -0.01 0.05 0.03 -0.13
瞬間 -0.02 0.02 0.07 0.09 -0.15
節目 0.06 0.07 0.04 0.01 0.04
顧客 0.06 0.07 0.04 0.01 0.04
投手 -0.03 0.07 0.03 -0.01 -0.05
寢具 -0.01 -0.02 0.04 0.06 -0.15
生活費 0.00 0.00 0.00 0.00 0.00
預知 0.00 0.03 0.00 -0.06 0.07
自毀 -0.02 -0.04 -0.02 -0.06 0.05
殺戮 -0.02 -0.04 -0.02 -0.06 0.05
