不需 -0.11 -0.14 -0.13 -0.13 0.03
沒話說 -0.08 -0.12 -0.11 -0.07 0.01
其它 0.00 0.00 0.00 0.00 0.00
真 0.02 -0.03 0.01 -0.02 0.06
常 0.00 0.00 0.00 0.00 0.00
藉 0.00 0.06 0.04 0.08 -0.04
提 0.04 -0.03 0.00 -0.11 0.09
夫人 0.12 -0.02 -0.01 -0.10 0.06
重大 0.06 -0.06 -0.05 -0.04 -0.03
貪慾 0.00 -0.25 -0.15 -0.17 0.08
無憂無慮 0.10 0.00 0.01 -0.04 0.06
微笑 0.10 0.00 0.01 -0.04 0.06
煩瑣 -0.03 -0.33 -0.31 -0.31 0.14
震顫 0.03 -0.07 -0.04 -0.06 0.04
探究 -0.04 -0.03 -0.02 -0.09 0.07
認知 -0.04 -0.03 -0.02 -0.09 0.07
領悟 -0.04 -0.03 -0.02 -0.09 0.07
潤滑 0.00 0.00 0.00 0.00 0.00
孕期 0.07 -0.02 0.00 -0.04 0.09
肥胖 0.00 0.00 0.00 0.00 0.00
洗澡 0.00 0.00 0.00 0.00 0.00
食慾 -0.05 -0.04 -0.04 -0.04 0.02
淫慾 0.07 -0.02 0.00 -0.04 0.09
痙攣 0.00 0.00 0.00 0.00 0.00
頭顱 -0.05 -0.04 -0.04 -0.04 0.02
交集 -0.02 0.05 0.03 0.01 -0.04
新 -0.02 0.02 0.07 0.09 -0.15
彎曲 -0.02 0.05 0.03 0.01 -0.04
成績單 0.06 0.07 0.04 0.01 0.04
副總統 0.06 0.07 0.04 0.01 0.04
圖書館 0.06 0.07 0.04 0.01 0.04
精簡 0.06 0.07 0.04 0.01 0.04
嗜好 -0.03 0.07 0.03 -0.01 -0.05
巢 -0.01 -0.02 0.04 0.06 -0.15
挪用 0.00 0.00 0.00 0.00 0.00
禱告 0.00 0.03 0.00 -0.06 0.07
