比較 0.00 0.06 0.04 0.08 -0.04
未曾 -0.08 -0.12 -0.11 -0.07 0.01
實際 0.00 0.00 0.00 0.00 0.00
滿 -0.02 0.05 0.03 0.01 -0.04
等於 0.00 0.00 0.00 0.00 0.00
表達 0.08 0.00 0.02 -0.02 0.02
前夫 0.13 -0.05 0.11 0.02 -0.05
義子 0.13 -0.05 0.11 0.02 -0.05
狂躁 -0.03 -0.33 -0.31 -0.31 0.14
笑話 0.07 0.07 0.04 -0.05 0.01
貧困 0.00 -0.25 -0.15 -0.17 0.08
悲喜 0.03 -0.07 -0.04 -0.06 0.04
優勢 0.19 0.08 0.04 -0.01 0.03
封存 -0.06 0.00 -0.04 -0.08 0.06
規範 -0.06 0.00 -0.04 -0.08 0.06
琢磨 -0.04 -0.03 -0.02 -0.09 0.07
心臟 -0.05 -0.04 -0.04 -0.04 0.02
煙 0.00 0.00 0.00 0.00 0.00
雙腳 -0.05 -0.04 -0.04 -0.04 0.02
晚安 -0.02 0.02 0.07 0.09 -0.15
護柩 -0.02 -0.04 -0.02 -0.06 0.05
