五億 -0.03 0.05 -0.03 -0.02 -0.06
四處 -0.01 0.02 0.04 -0.01 -0.05
白痴 -0.04 -0.33 -0.45 -0.42 0.22
女僕 0.11 -0.04 0.03 -0.04 -0.09
哈尼 0.14 -0.04 0.04 -0.01 -0.10
受不了 -0.01 -0.51 -0.12 -0.11 0.03
帥 0.10 0.00 0.01 -0.04 0.06
淚珠 0.00 -0.37 -0.15 -0.16 0.07
陶醉 0.10 0.00 0.01 -0.04 0.06
違犯 -0.06 -0.25 -0.19 -0.25 0.14
厭倦 0.00 -0.25 -0.15 -0.17 0.08
批露 -0.04 -0.03 -0.02 -0.09 0.07
停用 -0.06 0.00 -0.04 -0.08 0.06
猜想 -0.10 -0.04 -0.05 -0.15 0.12
和顏悅色 0.00 0.00 0.00 0.00 0.00
暈 0.00 0.00 0.00 0.00 0.00
直腸 -0.05 -0.04 -0.04 -0.04 0.02
青菜 0.00 0.00 0.00 0.00 0.00
一年 -0.02 0.02 0.07 0.09 -0.15
十二月 -0.02 0.02 0.07 0.09 -0.15
生涯 0.06 0.07 0.04 0.01 0.04
白酒 -0.03 0.07 0.03 -0.01 -0.05
先知 0.00 0.03 0.00 -0.06 0.07
