伍 -0.03 0.05 -0.03 -0.02 -0.06
吼 -0.03 0.00 -0.01 -0.04 0.04
那時 -0.02 0.02 0.07 0.09 -0.15
場 0.00 0.00 0.00 0.00 0.00
付 0.06 0.07 0.04 0.01 0.04
行動 0.03 -0.01 0.05 0.03 -0.13
知道 -0.04 -0.03 -0.02 -0.09 0.07
女孩 0.12 -0.02 -0.01 -0.10 0.06
可悲 0.00 -0.37 -0.15 -0.16 0.07
打擊 -0.01 -0.51 -0.12 -0.11 0.03
孝順 0.10 0.00 0.01 -0.04 0.06
面臨 0.03 -0.07 -0.04 -0.06 0.04
贏取 0.13 0.01 0.00 -0.02 -0.01
停工 -0.06 0.00 -0.04 -0.08 0.06
洨 0.07 -0.02 0.00 -0.04 0.09
誘姦 0.07 -0.02 0.00 -0.04 0.09
廚房 -0.01 -0.02 0.04 0.06 -0.15
晨間 -0.02 0.02 0.07 0.09 -0.15
騎 0.03 -0.01 0.05 0.03 -0.13
講課 0.06 0.07 0.04 0.01 0.04
美術 -0.03 0.07 0.03 -0.01 -0.05
跳棋 -0.03 0.07 0.03 -0.01 -0.05
現金卡 0.00 0.00 0.00 0.00 0.00
屠宰 -0.02 -0.04 -0.02 -0.06 0.05
槍斃 -0.02 -0.04 -0.02 -0.06 0.05
