下去 -0.02 0.01 0.02 0.07 -0.04
不甘 -0.14 -0.47 -0.44 -0.44 0.17
她們 0.15 -0.12 0.06 0.00 -0.04
肯定 0.12 -0.03 0.02 -0.06 0.12
很 0.00 0.00 0.00 0.00 0.00
眾多 0.00 0.00 0.00 0.00 0.00
怪胎 -0.01 -0.25 -0.29 -0.28 0.16
發問 0.04 -0.03 0.00 -0.11 0.09
受虐 0.00 -0.25 -0.15 -0.17 0.08
景仰 0.10 0.00 0.01 -0.04 0.06
憤 -0.03 -0.33 -0.31 -0.31 0.14
識別 -0.04 -0.03 -0.02 -0.09 0.07
邏輯 -0.04 -0.03 -0.02 -0.09 0.07
平坦 -0.01 -0.09 0.04 0.02 -0.04
膽囊 -0.05 -0.04 -0.04 -0.04 0.02
上旬 -0.02 0.02 0.07 0.09 -0.15
年尾 -0.02 0.02 0.07 0.09 -0.15
拍攝 0.06 0.07 0.04 0.01 0.04
科 0.06 0.07 0.04 0.01 0.04
精神 0.06 0.07 0.04 0.01 0.04
健壯 -0.03 0.07 0.03 -0.01 -0.05
大屠殺 -0.02 -0.04 -0.02 -0.06 0.05
