他 0.15 -0.12 0.06 0.00 -0.04
忽然 0.00 0.00 0.00 0.00 0.00
倒 0.00 0.00 0.00 0.00 0.00
普遍 -0.09 -0.03 -0.05 -0.12 0.07
保持 -0.03 0.01 -0.05 -0.06 -0.01
聽見 0.05 0.00 0.01 -0.06 0.06
參賽 0.08 0.00 0.02 -0.02 0.02
負債 0.00 -0.25 -0.15 -0.17 0.08
差勁 -0.03 -0.45 -0.31 -0.30 0.13
迷人 0.17 -0.02 0.01 -0.08 0.15
發牢騷 0.00 -0.25 -0.15 -0.17 0.08
戰火 -0.05 -0.37 -0.33 -0.37 0.19
拖延 -0.02 0.09 0.07 0.02 -0.05
病原 0.00 0.00 0.00 0.00 0.00
啤酒 -0.03 0.07 0.03 -0.01 -0.05
腹痛 0.00 0.00 0.00 0.00 0.00
返回 -0.02 0.02 0.07 0.09 -0.15
循環 -0.02 0.02 0.07 0.09 -0.15
女演員 -0.03 0.07 0.03 -0.01 -0.05
狗窩 -0.01 -0.02 0.04 0.06 -0.15
臥室 -0.01 -0.02 0.04 0.06 -0.15
厝 -0.01 -0.02 0.04 0.06 -0.15
什葉派 0.00 0.03 0.00 -0.06 0.07
佛經 0.00 0.03 0.00 -0.06 0.07
修行 0.00 0.03 0.00 -0.06 0.07
屍 -0.02 -0.04 -0.02 -0.06 0.05
