必要 0.02 -0.03 0.01 -0.02 0.06
即時 -0.02 0.02 0.07 0.09 -0.15
額外 0.01 -0.03 0.01 -0.02 -0.01
狗屎 -0.01 0.00 -0.14 -0.11 0.08
女警 0.12 -0.02 -0.01 -0.10 0.06
男伴 0.18 -0.06 0.01 -0.09 -0.06
姓名 0.08 0.00 0.02 -0.02 0.02
團隊 0.14 0.15 0.08 0.00 -0.06
敗壞 -0.03 -0.33 -0.31 -0.31 0.14
絕妙 0.10 0.00 0.01 -0.04 0.06
獎學金 0.19 0.08 0.04 -0.01 0.03
驚擾 -0.01 -0.39 -0.12 -0.12 0.04
血癌 0.00 0.00 0.00 0.00 0.00
消化 0.00 0.00 0.00 0.00 0.00
配戴 -0.05 -0.04 -0.04 -0.04 0.02
來世 -0.02 0.05 0.07 0.03 -0.08
前往 0.01 0.01 0.12 0.12 -0.28
終點 0.01 0.06 0.02 0.03 -0.11
轉世 -0.02 0.02 0.07 0.09 -0.15
金融 0.06 0.07 0.04 0.01 0.04
政見 0.06 0.07 0.04 0.01 0.04
津貼 0.09 0.08 0.03 0.03 -0.03
特許 0.06 0.07 0.04 0.01 0.04
大門 -0.01 -0.02 0.04 0.06 -0.15
家具 -0.01 -0.02 0.04 0.06 -0.15
天主教 0.00 0.03 0.00 -0.06 0.07
道教 0.00 0.03 0.00 -0.06 0.07
火化 -0.02 -0.04 -0.02 -0.06 0.05
