一百 -0.03 0.05 -0.03 -0.02 -0.06
也 0.01 -0.03 0.01 -0.02 -0.01
不通 -0.08 -0.12 -0.11 -0.07 0.01
不無 -0.08 -0.12 -0.11 -0.07 0.01
六 -0.03 0.05 -0.03 -0.02 -0.06
處處 0.05 -0.07 0.07 0.03 -0.10
打岔 0.05 -0.33 -0.29 -0.33 0.16
配偶 0.13 -0.05 0.11 0.02 -0.05
堂兄 0.13 -0.05 0.11 0.02 -0.05
關聯 0.04 -0.03 0.00 -0.11 0.09
昏頭 0.00 -0.25 -0.15 -0.17 0.08
哀愁 0.00 -0.37 -0.15 -0.16 0.07
缺陷 0.00 -0.25 -0.15 -0.17 0.08
落伍 0.00 -0.25 -0.15 -0.17 0.08
惡阻 -0.06 0.00 -0.04 -0.08 0.06
看中 0.00 0.09 0.00 -0.03 0.05
推 0.02 -0.10 0.09 0.05 -0.17
噪音 -0.03 0.00 -0.01 -0.04 0.04
踝 -0.05 -0.04 -0.04 -0.04 0.02
矯正 0.00 0.00 0.00 0.00 0.00
長壽 -0.02 0.02 0.07 0.09 -0.15
瑜珈 -0.03 0.07 0.03 -0.01 -0.05
歌劇 -0.03 0.07 0.03 -0.01 -0.05
福報 0.00 0.03 0.00 -0.06 0.07
