不便 -0.09 -0.51 -0.23 -0.19 0.05
六千 -0.03 0.05 -0.03 -0.02 -0.06
屆 0.00 0.00 0.00 0.00 0.00
家庭 0.09 0.00 0.18 0.07 -0.25
發送 0.11 -0.01 0.07 0.01 -0.11
會眾 0.08 0.00 0.02 -0.02 0.02
讚揚 0.18 0.00 0.03 -0.06 0.08
勾引 0.07 -0.27 -0.15 -0.21 0.17
交戰 0.00 -0.25 -0.15 -0.17 0.08
真實 0.12 -0.03 0.02 -0.06 0.12
悠閒 0.07 0.07 0.04 -0.05 0.01
粗魯 -0.03 -0.33 -0.31 -0.31 0.14
順利 0.13 0.01 0.00 -0.02 -0.01
罪大惡極 0.00 -0.25 -0.15 -0.17 0.08
罪孽 0.00 -0.22 -0.15 -0.23 0.15
厭惡 -0.03 -0.33 -0.31 -0.31 0.14
貪污 0.00 -0.25 -0.15 -0.17 0.08
取消 -0.04 0.00 -0.04 -0.07 0.09
保用 -0.06 0.00 -0.04 -0.08 0.06
創建 0.01 -0.04 -0.03 -0.08 -0.10
耳朵 -0.08 -0.04 -0.05 -0.08 0.06
圓柱 0.00 0.09 0.00 -0.03 0.05
皮疹 0.00 0.00 0.00 0.00 0.00
便秘 0.00 0.00 0.00 0.00 0.00
藥 0.00 0.00 0.00 0.00 0.00
日子 -0.02 0.02 0.07 0.09 -0.15
四周 -0.02 0.05 0.03 0.01 -0.04
懸掛 0.03 -0.01 0.05 0.03 -0.13
休假 -0.04 0.05 0.07 0.05 -0.20
運動員 -0.03 0.07 0.03 -0.01 -0.05
彩票 0.00 0.00 0.00 0.00 0.00
伊斯蘭 0.00 0.03 0.00 -0.06 0.07
經 0.00 0.03 0.00 -0.06 0.07
