正好 0.02 -0.03 0.01 -0.02 0.06
完整 0.02 -0.03 0.01 -0.02 0.06
波 0.00 0.00 0.00 0.00 0.00
股 -0.05 -0.04 -0.04 -0.04 0.02
屁 -0.01 0.00 -0.14 -0.11 0.08
已婚 0.13 -0.05 0.11 0.02 -0.05
兄 0.13 -0.05 0.11 0.02 -0.05
交流 0.08 0.00 0.02 -0.02 0.02
同夥 0.18 -0.06 0.01 -0.09 -0.06
心痛 0.00 -0.37 -0.15 -0.16 0.07
色情 0.10 -0.09 -0.04 -0.10 0.13
冷酷 -0.03 -0.33 -0.31 -0.31 0.14
完備 0.10 0.00 0.01 -0.04 0.06
輸掉 0.03 -0.36 -0.16 -0.14 0.00
加強 -0.02 -0.05 -0.02 -0.10 -0.03
平定 -0.06 0.00 -0.04 -0.08 0.06
住院 0.00 0.00 0.00 0.00 0.00
搬運 0.03 -0.01 0.05 0.03 -0.13
蛻變 -0.02 0.02 0.07 0.09 -0.15
主管 0.06 0.07 0.04 0.01 0.04
年級 0.06 0.07 0.04 0.01 0.04
缺席 0.06 0.07 0.04 0.01 0.04
勤勉 0.03 0.01 -0.01 0.02 -0.07
傢俱 -0.01 -0.02 0.04 0.06 -0.15
借方 0.00 0.00 0.00 0.00 0.00
聖潔 0.00 0.03 0.00 -0.06 0.07
恩 -0.07 0.02 0.00 -0.08 0.01
