挖咧 0.00 0.00 0.00 0.00 0.00
無端 0.00 0.00 0.00 0.00 0.00
願意 0.07 -0.02 -0.01 -0.10 0.08
踢爆 0.08 0.00 0.02 -0.02 0.02
口吃 0.00 -0.25 -0.15 -0.17 0.08
平靜 0.10 0.00 0.01 -0.04 0.06
沉著 0.10 0.00 0.01 -0.04 0.06
悔之 0.00 -0.37 -0.15 -0.16 0.07
高興 0.10 0.00 0.01 -0.04 0.06
善心 0.10 0.00 0.01 -0.04 0.06
喜極而泣 0.10 0.00 0.01 -0.04 0.06
慌 -0.01 -0.39 -0.12 -0.12 0.04
厭世 -0.02 -0.29 -0.17 -0.23 0.13
酷刑 -0.03 -0.33 -0.31 -0.31 0.14
樂觀 0.10 0.00 0.01 -0.04 0.06
意願 -0.04 -0.03 -0.02 -0.09 0.07
論說 -0.04 -0.03 -0.02 -0.09 0.07
下午茶 0.00 0.00 0.00 0.00 0.00
水果 0.00 0.00 0.00 0.00 0.00
削瘦 -0.05 -0.04 -0.04 -0.04 0.02
指關節 -0.05 -0.04 -0.04 -0.04 0.02
流汗 -0.05 -0.04 -0.04 -0.04 0.02
雷射 0.00 0.00 0.00 0.00 0.00
下游 -0.02 0.05 0.03 0.01 -0.04
階級 0.09 0.08 0.03 0.03 -0.03
養老金 0.06 0.07 0.04 0.01 0.04
掃 -0.01 -0.02 0.04 0.06 -0.15
稅收 0.00 0.00 0.00 0.00 0.00
十字軍 0.00 0.03 0.00 -0.06 0.07
厲害 0.01 0.02 0.00 -0.04 0.04
