不必 -0.11 -0.14 -0.13 -0.13 0.03
呢 0.00 0.00 0.00 0.00 0.00
夠 0.00 0.00 0.00 0.00 0.00
從未 -0.08 -0.13 -0.03 0.00 -0.08
繼續 0.04 0.09 0.11 0.10 -0.11
少婦 0.12 -0.02 -0.01 -0.10 0.06
饒恕 0.11 -0.07 -0.02 -0.08 0.06
牢騷 0.00 -0.25 -0.15 -0.17 0.08
美夢 0.10 0.00 0.01 -0.04 0.06
悔恨 -0.03 -0.39 -0.17 -0.22 0.09
博愛 0.10 0.00 0.01 -0.04 0.06
直接 0.02 -0.03 0.01 -0.02 0.06
靠不住 -0.09 -0.03 -0.05 -0.12 0.07
雷 -0.03 0.00 -0.01 -0.04 0.04
歌唱 -0.06 0.07 0.02 -0.05 -0.01
咳嗽 0.00 0.00 0.00 0.00 0.00
疾病 0.00 0.00 0.00 0.00 0.00
誘惑 0.07 -0.02 0.00 -0.04 0.09
膿 -0.05 -0.04 -0.04 -0.04 0.02
任期 0.04 0.09 0.11 0.10 -0.11
急忙 -0.02 0.02 0.07 0.09 -0.15
緩慢 -0.02 0.02 0.07 0.09 -0.15
特權 0.06 0.07 0.04 0.01 0.04
商號 0.06 0.07 0.04 0.01 0.04
影帶 -0.03 0.07 0.03 -0.01 -0.05
節省 0.00 0.00 0.00 0.00 0.00
僧團 0.00 0.03 0.00 -0.06 0.07
禪 0.00 0.03 0.00 -0.06 0.07
火葬 -0.02 -0.04 -0.02 -0.06 0.05
