之下 -0.02 0.05 0.03 0.01 -0.04
似乎 -0.10 -0.04 -0.05 -0.15 0.12
低於 -0.02 0.11 0.07 0.09 -0.08
附近 -0.01 0.08 0.08 0.07 -0.09
無窮 -0.10 -0.10 -0.04 0.02 -0.14
無論 0.02 0.03 0.05 0.06 0.02
遠處 -0.02 0.05 0.03 0.01 -0.04
盤 0.00 0.00 0.00 0.00 0.00
應當 -0.03 -0.02 -0.02 -0.06 0.02
發生 -0.02 0.02 0.07 0.09 -0.15
經歷 0.11 -0.07 -0.02 -0.08 0.06
後母 0.13 -0.05 0.11 0.02 -0.05
中斷 0.00 -0.25 -0.15 -0.17 0.08
栩栩如生 0.10 0.09 0.01 -0.07 0.11
神經病 -0.01 -0.39 -0.12 -0.12 0.04
笑容 0.10 0.00 0.01 -0.04 0.06
惋惜 -0.03 -0.39 -0.17 -0.22 0.09
掃興 0.00 -0.37 -0.15 -0.16 0.07
排斥 0.00 -0.25 -0.15 -0.17 0.08
歡呼 0.10 0.00 0.01 -0.04 0.06
體會 0.06 -0.03 -0.01 -0.13 0.13
合奏 -0.03 0.00 -0.01 -0.04 0.04
烈酒 -0.03 0.07 0.03 -0.01 -0.05
晚期 -0.02 0.02 0.07 0.09 -0.15
資深 -0.02 0.02 0.07 0.09 -0.15
策略 0.09 0.08 0.03 0.03 -0.03
職權 0.03 0.01 -0.01 0.02 -0.07
歌謠 -0.03 0.07 0.03 -0.01 -0.05
漫步 -0.03 0.07 0.03 -0.01 -0.05
搖椅 -0.01 -0.02 0.04 0.06 -0.15
