不肯 -0.08 -0.12 -0.11 -0.07 0.01
切勿 -0.08 -0.12 -0.11 -0.07 0.01
勿 -0.08 -0.12 -0.11 -0.07 0.01
沒架子 -0.08 -0.12 -0.11 -0.07 0.01
哪些 0.07 -0.12 0.04 0.02 -0.06
時常 -0.09 -0.03 -0.05 -0.12 0.07
排 0.00 0.00 0.00 0.00 0.00
訪問 0.14 0.07 0.06 -0.01 0.06
觀察 0.00 0.09 0.00 -0.03 0.05
怨恨 0.05 -0.33 -0.29 -0.33 0.16
拷問 -0.03 -0.33 -0.31 -0.31 0.14
摯愛 0.10 0.00 0.01 -0.04 0.06
闡述 -0.04 -0.03 -0.02 -0.09 0.07
音樂 -0.06 0.07 0.02 -0.05 -0.01
潮濕 -0.01 -0.09 0.04 0.02 -0.04
聲響 -0.03 0.00 -0.01 -0.04 0.04
黏稠 -0.01 -0.09 0.04 0.02 -0.04
磕藥 0.00 0.00 0.00 0.00 0.00
分隔 -0.02 0.05 0.03 0.01 -0.04
樓梯 -0.02 0.05 0.03 0.01 -0.04
反敗為勝 0.03 0.01 -0.01 0.02 -0.07
21點 -0.03 0.07 0.03 -0.01 -0.05
飲酒 -0.03 0.07 0.03 -0.01 -0.05
神父 0.00 0.03 0.00 -0.06 0.07
異教徒 0.00 0.03 0.00 -0.06 0.07
聖壇 0.00 0.03 0.00 -0.06 0.07
