六百 -0.03 0.05 -0.03 -0.02 -0.06
未必 -0.17 -0.15 -0.16 -0.19 0.08
沒人 -0.08 -0.12 -0.11 -0.07 0.01
現在 -0.02 -0.10 0.06 0.06 -0.24
名字 0.08 0.00 0.02 -0.02 0.02
傳說 0.08 0.00 0.02 -0.02 0.02
談判 0.14 0.07 0.06 -0.01 0.06
生疏 0.00 -0.25 -0.15 -0.17 0.08
光輝 0.10 0.00 0.01 -0.04 0.06
扭曲 0.00 -0.25 -0.15 -0.17 0.08
臭味 0.00 -0.25 -0.15 -0.17 0.08
掙扎 -0.01 -0.39 -0.12 -0.12 0.04
溫和 0.10 0.00 0.01 -0.04 0.06
禍 0.00 -0.25 -0.15 -0.17 0.08
慶幸 0.10 0.00 0.01 -0.04 0.06
難熬 0.00 -0.25 -0.15 -0.17 0.08
驚疑 -0.01 -0.39 -0.12 -0.12 0.04
機遇 -0.09 -0.03 -0.05 -0.12 0.07
隱晦 -0.09 -0.03 -0.05 -0.12 0.07
盲腸 -0.05 -0.04 -0.04 -0.04 0.02
晚飯 -0.02 0.02 0.07 0.09 -0.15
感冒 0.00 0.00 0.00 0.00 0.00
雞皮疙瘩 -0.05 -0.04 -0.04 -0.04 0.02
空白 -0.02 0.05 0.03 0.01 -0.04
頂點 0.01 0.06 0.02 0.03 -0.11
野心 0.09 0.08 0.03 0.03 -0.03
憑據 0.06 0.07 0.04 0.01 0.04
票券 -0.03 0.07 0.03 -0.01 -0.05
物價 0.00 0.00 0.00 0.00 0.00
專利 0.00 0.00 0.00 0.00 0.00
獎卷 0.00 0.00 0.00 0.00 0.00
銷售額 0.00 0.00 0.00 0.00 0.00
告解 0.00 0.03 0.00 -0.06 0.07
