九億 -0.03 0.05 -0.03 -0.02 -0.06
大多數 -0.09 -0.03 -0.05 -0.12 0.07
吾 0.12 -0.27 0.09 0.06 -0.20
總計 0.02 -0.03 0.01 -0.02 0.06
譴責 0.05 -0.33 -0.29 -0.33 0.16
下定決心 0.09 -0.02 -0.02 -0.11 0.06
成見 -0.03 -0.33 -0.31 -0.31 0.14
艱辛 0.00 -0.25 -0.15 -0.17 0.08
騙 -0.03 -0.33 -0.31 -0.31 0.14
作用 0.01 -0.04 -0.03 -0.08 -0.10
封鎖 -0.06 0.00 -0.04 -0.08 0.06
難解 -0.09 -0.03 -0.05 -0.12 0.07
大腿 -0.05 -0.04 -0.04 -0.04 0.02
高潮 0.02 -0.06 -0.04 -0.08 0.11
年假 -0.02 0.02 0.07 0.09 -0.15
英里 -0.02 0.05 0.03 0.01 -0.04
大學生 0.06 0.07 0.04 0.01 0.04
專科 0.06 0.07 0.04 0.01 0.04
產 0.06 0.07 0.04 0.01 0.04
技能 0.03 0.01 -0.01 0.02 -0.07
工作室 -0.01 -0.02 0.04 0.06 -0.15
頭獎 0.00 0.00 0.00 0.00 0.00
