一定 0.02 -0.03 0.01 -0.02 0.06
恰好 0.10 0.00 0.01 -0.04 0.06
家家 0.07 -0.12 0.04 0.02 -0.06
無法 -0.08 -0.13 -0.14 -0.11 -0.04
忘記 -0.03 -0.07 -0.08 -0.14 0.10
度過 0.03 0.01 -0.01 0.02 -0.07
翻 0.00 0.00 0.00 0.00 0.00
接納 0.08 0.00 0.02 -0.02 0.02
過繼 0.13 -0.05 0.11 0.02 -0.05
聯誼 0.08 0.00 0.02 -0.02 0.02
辭呈 0.08 0.00 0.02 -0.02 0.02
讚許 0.11 0.01 0.01 0.00 -0.05
才智 0.10 0.00 0.01 -0.04 0.06
分歧 -0.06 -0.25 -0.19 -0.25 0.14
刺激 0.05 -0.15 -0.01 -0.02 -0.07
受害 -0.03 -0.33 -0.31 -0.31 0.14
倒楣 0.00 -0.25 -0.15 -0.17 0.08
偏愛 0.03 -0.07 -0.04 -0.06 0.04
喜悅 0.10 0.00 0.01 -0.04 0.06
閒散 0.00 0.00 -0.01 -0.07 -0.01
摯誠 0.10 0.00 0.01 -0.04 0.06
天長地久 0.00 -0.01 0.08 0.07 -0.09
到處 -0.01 0.02 0.04 -0.01 -0.05
非關 -0.04 0.00 -0.04 -0.07 0.09
縮 -0.06 0.00 -0.04 -0.08 0.06
塗 -0.01 -0.09 0.04 0.02 -0.04
肚子 -0.05 -0.04 -0.04 -0.04 0.02
過敏 0.00 0.00 0.00 0.00 0.00
膳食 0.00 0.00 0.00 0.00 0.00
同步 -0.02 0.02 0.07 0.09 -0.15
國家 -0.02 0.05 0.03 0.01 -0.04
落後 -0.02 0.05 0.03 0.01 -0.04
主修 0.06 0.07 0.04 0.01 0.04
移交 0.06 0.07 0.04 0.01 0.04
西洋棋 -0.03 0.07 0.03 -0.01 -0.05
沐浴 -0.04 0.05 0.07 0.05 -0.20
露營 -0.03 0.07 0.03 -0.01 -0.05
帳戶 0.00 0.00 0.00 0.00 0.00
天使 0.00 0.03 0.00 -0.06 0.07
