三萬 -0.03 0.05 -0.03 -0.02 -0.06
不用 -0.11 -0.14 -0.13 -0.13 0.03
召開 0.08 0.00 0.02 -0.02 0.02
遇到 0.11 -0.07 -0.02 -0.08 0.06
瞭解 0.05 -0.01 0.00 -0.15 0.13
丟下 -0.03 -0.33 -0.31 -0.31 0.14
侷促 -0.06 -0.25 -0.19 -0.25 0.14
信實 0.10 0.00 0.01 -0.04 0.06
悲愁 0.00 -0.37 -0.15 -0.16 0.07
傷神 0.00 -0.37 -0.15 -0.16 0.07
賊 0.00 -0.25 -0.15 -0.17 0.08
沿途 0.01 -0.03 0.01 -0.02 -0.01
阻隔 -0.06 0.00 -0.04 -0.08 0.06
乾裂 -0.01 -0.09 0.04 0.02 -0.04
靜脈 -0.05 -0.04 -0.04 -0.04 0.02
饕客 0.00 0.00 0.00 0.00 0.00
癱瘓 0.00 0.00 0.00 0.00 0.00
時日 -0.02 0.02 0.07 0.09 -0.15
連貫 -0.02 0.02 0.07 0.09 -0.15
蒼老 -0.02 0.02 0.07 0.09 -0.15
寬度 -0.02 0.05 0.03 0.01 -0.04
付錢 0.06 0.07 0.04 0.01 0.04
解僱 0.06 0.07 0.04 0.01 0.04
薪資 0.06 0.07 0.04 0.01 0.04
簡歷 0.06 0.07 0.04 0.01 0.04
燃盡 0.03 0.01 -0.01 0.02 -0.07
旅社 -0.03 0.07 0.03 -0.01 -0.05
高爾夫 -0.03 0.07 0.03 -0.01 -0.05
購物 -0.03 0.07 0.03 -0.01 -0.05
贖罪日 0.00 0.03 0.00 -0.06 0.07
唔 0.01 0.02 0.00 -0.04 0.04
