不幸 -0.08 -0.49 -0.26 -0.23 0.08
不測 -0.08 -0.12 -0.11 -0.07 0.01
不論 -0.08 -0.12 -0.11 -0.07 0.01
古代 -0.02 0.02 0.07 0.09 -0.15
本人 0.24 -0.29 0.08 -0.04 -0.14
多點 0.00 0.00 0.00 0.00 0.00
從來 0.00 -0.01 0.08 0.07 -0.09
無計 -0.08 -0.12 -0.11 -0.07 0.01
無意 -0.11 -0.14 -0.13 -0.13 0.03
還有 0.00 0.00 0.00 0.00 0.00
外祖母 0.13 -0.05 0.11 0.02 -0.05
冷靜 0.10 0.00 0.01 -0.04 0.06
恩惠 0.10 0.00 0.01 -0.04 0.06
氣餒 -0.03 -0.45 -0.31 -0.30 0.13
甜言 0.10 0.00 0.01 -0.04 0.06
猶豫 -0.10 -0.42 -0.17 -0.24 0.11
熱望 0.03 -0.07 -0.04 -0.06 0.04
尖銳 -0.01 -0.09 0.04 0.02 -0.04
安眠藥 0.00 0.00 0.00 0.00 0.00
血統 -0.05 -0.04 -0.04 -0.04 0.02
接通 -0.02 0.05 0.03 0.01 -0.04
結尾 -0.02 0.02 0.07 0.09 -0.15
階段 -0.02 0.02 0.07 0.09 -0.15
隔開 -0.02 0.05 0.03 0.01 -0.04
臺上 -0.02 0.05 0.03 0.01 -0.04
司法部 0.06 0.07 0.04 0.01 0.04
收入 0.06 0.07 0.04 0.01 0.04
潛在 0.03 0.01 -0.01 0.02 -0.07
ipod -0.03 0.07 0.03 -0.01 -0.05
院子 -0.04 0.05 0.07 0.05 -0.20
神職 0.00 0.03 0.00 -0.06 0.07
頌揚 0.00 0.03 0.00 -0.06 0.07
