有沒有 0.00 0.00 0.00 0.00 0.00
贏得 0.13 0.01 0.00 -0.02 -0.01
成員 0.12 -0.02 -0.01 -0.10 0.06
相識 0.14 -0.04 0.04 -0.01 -0.10
孫子 0.13 -0.05 0.11 0.02 -0.05
合宜 0.10 -0.01 -0.02 -0.08 0.01
死亡 -0.02 -0.26 -0.17 -0.29 0.20
舒服 0.10 0.00 0.01 -0.04 0.06
謝天謝地 0.10 0.00 0.01 -0.04 0.06
驚呆 -0.01 -0.39 -0.12 -0.12 0.04
保險 -0.06 0.00 -0.04 -0.08 0.06
接近 -0.08 0.01 0.03 -0.08 -0.10
確保 0.02 -0.03 0.01 -0.02 0.06
鑑定 -0.04 -0.03 -0.02 -0.09 0.07
捏 -0.01 -0.09 0.04 0.02 -0.04
甜 0.00 0.00 0.00 0.00 0.00
鮮亮 0.00 0.09 0.00 -0.03 0.05
烹調 -0.03 0.07 0.03 -0.01 -0.05
逃獄 0.03 -0.01 0.05 0.03 -0.13
發行 0.06 0.07 0.04 0.01 0.04
睡眠 -0.04 0.05 0.07 0.05 -0.20
舞曲 -0.03 0.07 0.03 -0.01 -0.05
鍛鍊 -0.03 0.07 0.03 -0.01 -0.05
貨幣 0.00 0.00 0.00 0.00 0.00
典禮 0.00 0.03 0.00 -0.06 0.07
瞭 0.01 0.02 0.00 -0.04 0.04
