近年 0.00 0.00 0.00 0.00 0.00
您 0.14 -0.09 0.00 -0.04 0.07
竟 0.00 0.00 0.00 0.00 0.00
無理 -0.14 -0.47 -0.44 -0.44 0.17
准許 0.04 -0.03 0.00 -0.11 0.09
生命力 0.10 0.00 0.01 -0.04 0.06
好棒 0.10 0.00 0.01 -0.04 0.06
岔開 0.00 -0.25 -0.15 -0.17 0.08
爽快 0.10 0.00 0.01 -0.04 0.06
鈍 0.00 -0.25 -0.15 -0.17 0.08
敵對 -0.03 -0.33 -0.31 -0.31 0.14
熱衷 0.10 0.00 0.01 -0.04 0.06
出於 -0.03 -0.02 -0.02 -0.06 0.02
保鮮 -0.06 0.00 -0.04 -0.08 0.06
棄權 -0.04 0.00 -0.04 -0.07 0.09
發白 0.00 0.00 0.00 0.00 0.00
衣服 -0.05 -0.04 -0.04 -0.04 0.02
卵 0.00 0.00 0.00 0.00 0.00
疙瘩 -0.05 -0.04 -0.04 -0.04 0.02
氣喘 0.00 0.00 0.00 0.00 0.00
行進 0.03 -0.01 0.05 0.03 -0.13
承接 0.00 0.00 0.00 0.00 0.00
臺下 -0.02 0.05 0.03 0.01 -0.04
房屋 0.05 0.05 0.08 0.07 -0.11
教師 0.06 0.07 0.04 0.01 0.04
烤箱 -0.01 -0.02 0.04 0.06 -0.15
售 0.00 0.00 0.00 0.00 0.00
