須 0.00 0.00 0.00 0.00 0.00
男士 0.12 -0.02 -0.01 -0.10 0.06
大方 0.10 0.00 0.01 -0.04 0.06
抗爭 0.00 -0.25 -0.15 -0.17 0.08
流行 0.03 -0.07 -0.04 -0.06 0.04
害怕 -0.01 -0.39 -0.12 -0.12 0.04
書呆子 0.00 -0.25 -0.15 -0.17 0.08
莊嚴 0.10 0.00 0.01 -0.04 0.06
無精打采 0.00 -0.37 -0.15 -0.16 0.07
回憶 -0.04 -0.03 -0.02 -0.09 0.07
保溫 -0.06 0.00 -0.04 -0.08 0.06
毛 -0.06 -0.13 0.00 -0.02 -0.02
隔音 -0.03 0.00 -0.01 -0.04 0.04
凝視 0.00 0.09 0.00 -0.03 0.05
早飯 0.00 0.00 0.00 0.00 0.00
穿戴 -0.05 -0.04 -0.04 -0.04 0.02
右側 -0.02 0.05 0.03 0.01 -0.04
拽 0.03 -0.01 0.05 0.03 -0.13
節日 -0.06 0.07 0.14 0.14 -0.35
測驗 0.06 0.07 0.04 0.01 0.04
夢 -0.03 0.07 0.03 -0.01 -0.05
賭場 -0.03 0.07 0.03 -0.01 -0.05
獨佔 0.00 0.00 0.00 0.00 0.00
基督教徒 0.00 0.03 0.00 -0.06 0.07
喪服 -0.02 -0.04 -0.02 -0.06 0.05
之類 -0.04 0.01 -0.01 -0.03 -0.01
