至高無上 0.10 0.00 0.01 -0.04 0.06
花招 0.00 -0.25 -0.15 -0.17 0.08
強暴犯 0.04 -0.35 -0.31 -0.35 0.23
細心 0.06 -0.03 -0.01 -0.13 0.13
喪氣 0.00 -0.25 -0.15 -0.17 0.08
痛哭流涕 0.00 -0.37 -0.15 -0.16 0.07
熱切 0.10 0.00 0.01 -0.04 0.06
可疑 -0.09 -0.03 -0.05 -0.12 0.07
視力 0.00 0.09 0.00 -0.03 0.05
酸性 0.00 0.00 0.00 0.00 0.00
抗藥 0.00 0.00 0.00 0.00 0.00
喚醒 -0.05 -0.04 -0.04 -0.04 0.02
陽具 0.02 -0.06 -0.04 -0.08 0.11
北部 -0.02 0.05 0.03 0.01 -0.04
委外 0.06 0.07 0.04 0.01 0.04
克服 0.03 0.01 -0.01 0.02 -0.07
伴唱機 -0.03 0.07 0.03 -0.01 -0.05
唱片 -0.03 0.07 0.03 -0.01 -0.05
家事 -0.01 -0.02 0.04 0.06 -0.15
核對 0.00 0.00 0.00 0.00 0.00
菩薩 0.00 0.03 0.00 -0.06 0.07
