什麼 0.07 -0.12 0.04 0.02 -0.06
要求 0.11 0.08 0.01 -0.07 0.05
做 0.00 0.00 0.00 0.00 0.00
進步 0.06 0.00 0.04 0.05 -0.20
蹩腳 -0.04 -0.33 -0.45 -0.42 0.22
言語 0.08 0.00 0.02 -0.02 0.02
旁聽 0.08 0.00 0.02 -0.02 0.02
至善 0.10 0.00 0.01 -0.04 0.06
承擔 0.09 -0.01 -0.03 -0.09 0.03
倒霉 0.00 -0.25 -0.15 -0.17 0.08
疲勞 0.00 -0.25 -0.15 -0.17 0.08
疼痛 0.00 -0.37 -0.15 -0.16 0.07
敏銳 0.09 -0.09 0.05 -0.02 0.02
粗心 -0.04 -0.28 -0.17 -0.26 0.15
惡劣 0.00 -0.25 -0.15 -0.17 0.08
棘手 -0.01 -0.39 -0.12 -0.12 0.04
融洽 0.10 0.00 0.01 -0.04 0.06
沙沙 -0.01 -0.09 0.04 0.02 -0.04
調味 0.00 0.00 0.00 0.00 0.00
傷疤 0.00 0.00 0.00 0.00 0.00
古 -0.02 0.02 0.07 0.09 -0.15
街道 -0.02 0.05 0.03 0.01 -0.04
商場 0.03 0.14 0.07 0.00 -0.01
實踐 0.09 0.08 0.03 0.03 -0.03
守護神 0.00 0.03 0.00 -0.06 0.07
