不出 -0.08 -0.12 -0.11 -0.07 0.01
次 0.00 0.00 0.00 0.00 0.00
莫非 -0.08 -0.12 -0.11 -0.07 0.01
努力 0.09 0.08 0.03 0.03 -0.03
依賴 0.00 0.00 0.00 0.00 0.00
珍貴 0.10 0.00 0.01 -0.04 0.06
混帳 -0.03 -0.33 -0.31 -0.31 0.14
猜疑 -0.05 -0.42 -0.14 -0.21 0.11
分析 -0.04 -0.03 -0.02 -0.09 0.07
想得 -0.04 -0.03 -0.02 -0.09 0.07
觸發 -0.02 -0.05 -0.02 -0.10 -0.03
警戒 -0.06 0.00 -0.04 -0.08 0.06
皮製 0.00 0.00 0.00 0.00 0.00
涼快 -0.01 -0.09 0.04 0.02 -0.04
艷 0.00 0.09 0.00 -0.03 0.05
十年 -0.02 0.02 0.07 0.09 -0.15
上限 0.00 0.00 0.00 0.00 0.00
角落 -0.02 0.05 0.03 0.01 -0.04
單方 0.00 0.00 0.00 0.00 0.00
跨越 -0.02 0.05 0.03 0.01 -0.04
跳躍 0.03 -0.01 0.05 0.03 -0.13
震動 0.03 -0.01 0.05 0.03 -0.13
方案 0.09 0.08 0.03 0.03 -0.03
賭金 0.00 0.00 0.00 0.00 0.00
天賜 0.00 0.03 0.00 -0.06 0.07
喪親 -0.02 -0.04 -0.02 -0.06 0.05
解剖 -0.02 -0.04 -0.02 -0.06 0.05
