不容置疑 -0.06 -0.15 -0.10 -0.09 0.07
公頃 0.00 0.00 0.00 0.00 0.00
昔日 -0.02 0.02 0.07 0.09 -0.15
敝人 0.12 -0.27 0.09 0.06 -0.20
棵 0.00 0.00 0.00 0.00 0.00
會 -0.03 -0.02 -0.02 -0.06 0.02
節 0.00 0.00 0.00 0.00 0.00
男生 0.12 -0.02 -0.01 -0.10 0.06
拉緊 0.01 -0.02 -0.01 -0.05 0.00
能幹 0.13 0.01 0.00 -0.02 -0.01
粗野 0.00 -0.25 -0.15 -0.17 0.08
悲觀 0.00 -0.37 -0.15 -0.16 0.07
煩愁 -0.03 -0.33 -0.31 -0.31 0.14
適宜 0.10 0.00 0.01 -0.04 0.06
膩 0.00 -0.25 -0.15 -0.17 0.08
陳述 -0.04 -0.03 -0.02 -0.09 0.07
間或 -0.11 -0.01 0.02 -0.03 -0.08
預期 -0.03 -0.02 -0.02 -0.06 0.02
聽覺 -0.08 -0.04 -0.05 -0.08 0.06
脖子 -0.05 -0.04 -0.04 -0.04 0.02
嚥下 0.00 0.00 0.00 0.00 0.00
夜 -0.02 0.02 0.07 0.09 -0.15
梯級 -0.02 0.05 0.03 0.01 -0.04
幅度 -0.02 0.05 0.03 0.01 -0.04
代理商 0.06 0.07 0.04 0.01 0.04
裝飾 -0.03 0.07 0.03 -0.01 -0.05
死者 -0.02 -0.04 -0.02 -0.06 0.05
流行病 -0.02 -0.04 -0.02 -0.06 0.05
酷 0.01 0.02 0.00 -0.04 0.04
