三十 -0.03 0.05 -0.03 -0.02 -0.06
少量 0.00 0.00 0.00 0.00 0.00
開始 -0.02 0.02 0.07 0.09 -0.15
孬 -0.01 0.00 -0.14 -0.11 0.08
伯公 0.13 -0.05 0.11 0.02 -0.05
透露 0.04 -0.03 0.00 -0.11 0.09
群組 0.08 0.00 0.02 -0.02 0.02
嬰孩 0.12 -0.02 -0.01 -0.10 0.06
冷 -0.01 -0.34 -0.11 -0.15 0.04
娼妓 0.07 -0.27 -0.15 -0.21 0.17
喜怒無常 0.00 -0.25 -0.15 -0.17 0.08
無用 0.00 -0.38 -0.18 -0.20 0.02
嗚咽 0.00 -0.37 -0.15 -0.16 0.07
嬌弱 0.03 -0.07 -0.04 -0.06 0.04
騷擾 -0.03 -0.33 -0.31 -0.31 0.14
全心 0.02 -0.03 0.01 -0.02 0.06
指定 0.07 0.04 0.05 -0.01 0.03
風味 0.00 0.00 0.00 0.00 0.00
淡黃色 0.00 0.09 0.00 -0.03 0.05
發育 0.00 0.00 0.00 0.00 0.00
節食 0.00 0.00 0.00 0.00 0.00
郊外 -0.02 0.05 0.03 0.01 -0.04
工作間 0.06 0.07 0.04 0.01 0.04
必修 0.06 0.07 0.04 0.01 0.04
倉庫 0.06 0.07 0.04 0.01 0.04
登記 0.06 0.07 0.04 0.01 0.04
播音員 -0.03 0.07 0.03 -0.01 -0.05
