有時 -0.11 -0.01 0.02 -0.03 -0.08
沒意思 -0.08 -0.12 -0.11 -0.07 0.01
最多 -0.03 -0.02 -0.02 -0.06 0.02
感謝 0.10 0.00 0.01 -0.04 0.06
說 0.05 0.00 0.01 -0.06 0.06
對待 0.08 0.00 0.02 -0.02 0.02
生病 0.00 -0.25 -0.15 -0.17 0.08
驚怕 -0.01 -0.39 -0.12 -0.12 0.04
交代 -0.03 -0.02 -0.02 -0.06 0.02
沿用 0.01 -0.03 0.01 -0.02 -0.01
知悉 -0.04 -0.03 -0.02 -0.09 0.07
假說 -0.09 -0.03 -0.05 -0.12 0.07
鑑識 -0.04 -0.03 -0.02 -0.09 0.07
看錯 0.00 0.09 0.00 -0.03 0.05
冬季 -0.02 0.02 0.07 0.09 -0.15
青春 -0.02 0.02 0.07 0.09 -0.15
垂直 -0.02 0.05 0.03 0.01 -0.04
蓋上 0.01 0.04 0.08 0.04 -0.17
系主任 0.06 0.07 0.04 0.01 0.04
躺椅 -0.01 -0.02 0.04 0.06 -0.15
靈車 -0.02 -0.04 -0.02 -0.06 0.05
就是 -0.07 0.02 0.00 -0.08 0.01
