日後 -0.02 0.01 0.02 0.07 -0.04
而已 0.00 0.00 0.00 0.00 0.00
而且 0.01 -0.03 0.01 -0.02 -0.01
所以 -0.02 -0.05 -0.02 -0.10 -0.03
完成 0.09 0.07 0.11 0.10 -0.12
挑 -0.04 -0.03 -0.02 -0.09 0.07
白癡 -0.04 -0.33 -0.45 -0.42 0.22
女主角 0.09 0.05 0.02 -0.11 0.01
兒童 0.12 -0.02 -0.01 -0.10 0.06
爹爹 0.13 -0.05 0.11 0.02 -0.05
譏 0.05 -0.33 -0.29 -0.33 0.16
繼母 0.13 -0.05 0.11 0.02 -0.05
有助 0.10 0.00 0.01 -0.04 0.06
佳 0.10 0.00 0.01 -0.04 0.06
歧視 -0.03 -0.33 -0.31 -0.31 0.14
勉強 -0.07 -0.39 -0.16 -0.20 0.10
獎牌 0.13 0.01 0.00 -0.02 -0.01
膽戰心驚 0.03 -0.07 -0.04 -0.06 0.04
靈巧 0.10 0.00 0.01 -0.04 0.06
全貌 0.02 -0.03 0.01 -0.02 0.06
安排 -0.03 -0.02 -0.02 -0.06 0.02
保管 -0.06 0.00 -0.04 -0.08 0.06
掌管 -0.06 0.00 -0.04 -0.08 0.06
答案 -0.04 -0.03 -0.02 -0.09 0.07
看得 0.00 0.09 0.00 -0.03 0.05
無聲 -0.03 0.00 -0.01 -0.04 0.04
立得寧 0.00 0.00 0.00 0.00 0.00
血淋淋 -0.05 -0.04 -0.04 -0.04 0.02
胃酸 0.00 0.00 0.00 0.00 0.00
嫖 0.07 -0.02 0.00 -0.04 0.09
幼年 -0.02 0.02 0.07 0.09 -0.15
wii -0.03 0.07 0.03 -0.01 -0.05
酒館 -0.03 0.07 0.03 -0.01 -0.05
地址 -0.01 -0.02 0.04 0.06 -0.15
寡婦 -0.01 -0.02 0.04 0.06 -0.15
就是說 0.01 0.02 0.00 -0.04 0.04
