不僅 -0.08 -0.12 -0.11 -0.07 0.01
戶 0.00 0.00 0.00 0.00 0.00
沒趣 -0.08 -0.12 -0.11 -0.07 0.01
馬上 -0.04 0.03 0.09 0.16 -0.19
將 -0.02 0.01 0.02 0.07 -0.04
竟然 0.00 0.00 0.00 0.00 0.00
零 -0.03 0.05 -0.03 -0.02 -0.06
付出 0.18 0.00 0.03 -0.06 0.08
伙伴 0.18 -0.06 0.01 -0.09 -0.06
呼叫 0.08 0.00 0.02 -0.02 0.02
婚姻 0.13 -0.05 0.11 0.02 -0.05
答覆 0.04 -0.03 0.00 -0.11 0.09
低落 0.00 -0.37 -0.15 -0.16 0.07
挑釁 -0.06 -0.35 -0.33 -0.37 0.16
惡意 -0.03 -0.33 -0.31 -0.31 0.14
酸 0.00 -0.25 -0.15 -0.17 0.08
噁心 0.00 -0.25 -0.15 -0.17 0.08
繁瑣 0.00 -0.25 -0.15 -0.17 0.08
創始 -0.01 -0.02 0.04 0.01 -0.25
解開 -0.03 -0.02 -0.02 -0.06 0.02
主餐 0.00 0.00 0.00 0.00 0.00
性慾 0.07 -0.02 0.00 -0.04 0.09
昏睡 0.00 0.00 0.00 0.00 0.00
巡邏 0.03 -0.01 0.05 0.03 -0.13
握 0.03 -0.01 0.05 0.03 -0.13
遠足 0.00 0.06 0.08 0.02 -0.18
高等 0.03 0.01 -0.01 0.02 -0.07
古蘭經 0.00 0.03 0.00 -0.06 0.07
