吋 -0.02 0.05 0.03 0.01 -0.04
相當 -0.09 -0.03 -0.05 -0.12 0.07
隊 0.03 0.14 0.07 0.00 -0.01
討厭 -0.03 -0.33 -0.31 -0.31 0.14
喜歡 0.06 -0.03 -0.01 -0.13 0.13
淫婦 -0.04 -0.33 -0.45 -0.42 0.22
閒談 0.05 0.07 0.05 -0.03 -0.03
儀式 0.05 0.10 0.05 -0.09 0.04
心酸 0.00 -0.37 -0.15 -0.16 0.07
許諾 0.10 0.00 0.01 -0.04 0.06
優柔寡斷 -0.10 -0.42 -0.17 -0.24 0.11
告誡 -0.06 0.00 -0.04 -0.08 0.06
每天 0.06 -0.04 0.04 0.02 0.03
保固 -0.06 0.00 -0.04 -0.08 0.06
相見恨晚 -0.03 -0.02 -0.02 -0.06 0.02
造孽 -0.02 -0.05 -0.02 -0.10 -0.03
結局 0.01 -0.04 -0.03 -0.08 -0.10
評價 -0.04 -0.03 -0.02 -0.09 0.07
心肌 -0.05 -0.04 -0.04 -0.04 0.02
牙齒 -0.05 -0.04 -0.04 -0.04 0.02
性病 0.07 -0.02 0.00 -0.04 0.09
胸部 0.02 -0.06 -0.04 -0.08 0.11
甜點 0.00 0.00 0.00 0.00 0.00
早退 -0.02 0.02 0.07 0.09 -0.15
付費 0.06 0.07 0.04 0.01 0.04
執行長 0.06 0.07 0.04 0.01 0.04
新鮮 0.06 0.07 0.04 0.01 0.04
櫃檯 0.06 0.07 0.04 0.01 0.04
芭蕾舞 -0.03 0.07 0.03 -0.01 -0.05
玉皇大帝 0.00 0.03 0.00 -0.06 0.07
佛教 0.00 0.03 0.00 -0.06 0.07
新教 0.00 0.03 0.00 -0.06 0.07
