一 -0.03 0.05 -0.03 -0.02 -0.06
沿 0.01 0.03 0.05 0.06 -0.05
恐怕 0.00 0.00 0.00 0.00 0.00
花錢 0.00 0.00 0.00 0.00 0.00
少女 0.12 -0.02 -0.01 -0.10 0.06
固執 -0.06 -0.25 -0.19 -0.25 0.14
差 -0.03 -0.45 -0.31 -0.30 0.13
暖和 0.09 -0.09 0.05 -0.02 0.02
憂愁 -0.01 -0.51 -0.12 -0.11 0.03
交託 -0.03 -0.02 -0.02 -0.06 0.02
嘶吼 -0.03 0.00 -0.01 -0.04 0.04
內在 -0.02 0.05 0.03 0.01 -0.04
拖 0.03 -0.01 0.05 0.03 -0.13
啟動 -0.02 0.02 0.07 0.09 -0.15
距 -0.02 0.05 0.03 0.01 -0.04
年薪 0.06 0.07 0.04 0.01 0.04
達成 0.03 0.01 -0.01 0.02 -0.07
春假 -0.03 0.07 0.03 -0.01 -0.05
滑雪 -0.03 0.07 0.03 -0.01 -0.05
代價 0.00 0.00 0.00 0.00 0.00
加班費 0.00 0.00 0.00 0.00 0.00
尼姑 0.00 0.03 0.00 -0.06 0.07
靈堂 -0.02 -0.04 -0.02 -0.06 0.05
