不幹 -0.08 -0.12 -0.11 -0.07 0.01
剛剛 -0.02 0.02 0.07 0.09 -0.15
套 0.00 0.00 0.00 0.00 0.00
輕微 0.00 0.00 0.00 0.00 0.00
宣傳 0.00 0.00 0.00 0.00 0.00
演出 -0.03 0.07 0.03 -0.01 -0.05
小孩 0.12 -0.02 -0.01 -0.10 0.06
同行 0.20 0.03 0.08 0.00 -0.06
奉獻 0.18 0.00 0.03 -0.06 0.08
乏味 0.00 -0.25 -0.15 -0.17 0.08
品德 0.10 0.00 0.01 -0.04 0.06
悲痛 0.00 -0.37 -0.15 -0.16 0.07
傷天害理 -0.03 -0.33 -0.31 -0.31 0.14
煩雜 -0.03 -0.33 -0.31 -0.31 0.14
僵局 -0.06 -0.25 -0.19 -0.25 0.14
憂心 -0.01 -0.51 -0.12 -0.11 0.03
歡喜 0.10 0.00 0.01 -0.04 0.06
干預 -0.06 0.00 -0.04 -0.08 0.06
指揮 0.06 0.06 0.01 -0.03 -0.01
細想 -0.04 -0.03 -0.02 -0.09 0.07
對立 -0.06 0.00 -0.04 -0.08 0.06
難免 -0.03 -0.02 -0.02 -0.06 0.02
牛奶 0.00 0.00 0.00 0.00 0.00
妓 0.07 -0.02 0.00 -0.04 0.09
台下 -0.02 0.05 0.03 0.01 -0.04
近況 -0.02 0.02 0.07 0.09 -0.15
掛 0.03 -0.01 0.05 0.03 -0.13
雙向 -0.02 0.05 0.03 0.01 -0.04
折價 0.06 0.07 0.04 0.01 0.04
評分 0.06 0.07 0.04 0.01 0.04
量產 0.06 0.07 0.04 0.01 0.04
義賣 0.06 0.07 0.04 0.01 0.04
陽台 -0.01 -0.02 0.04 0.06 -0.15
面值 0.00 0.00 0.00 0.00 0.00
