一點 -0.02 0.05 0.03 0.01 -0.04
多 0.00 0.00 0.00 0.00 0.00
此時 0.00 -0.12 -0.01 -0.03 -0.09
以為 -0.10 -0.04 -0.05 -0.15 0.12
覺得 -0.10 -0.04 -0.05 -0.15 0.12
愛戀 0.25 -0.02 0.03 -0.10 0.17
歡送 0.18 0.00 0.03 -0.06 0.08
呼天搶地 0.00 -0.25 -0.15 -0.17 0.08
耽誤 -0.08 0.02 0.03 0.01 -0.09
機會 -0.06 -0.02 -0.06 -0.10 0.00
隆隆 -0.03 0.00 -0.01 -0.04 0.04
牙醫 0.00 0.00 0.00 0.00 0.00
奶頭 0.02 -0.06 -0.04 -0.08 0.11
減肥 0.00 0.00 0.00 0.00 0.00
跑步 0.00 0.06 0.08 0.02 -0.18
同學 0.06 0.07 0.04 0.01 0.04
曲棍球 -0.03 0.07 0.03 -0.01 -0.05
煮飯 -0.03 0.07 0.03 -0.01 -0.05
洗衣機 -0.01 -0.02 0.04 0.06 -0.15
套房 -0.01 -0.02 0.04 0.06 -0.15
租金 -0.01 -0.02 0.04 0.06 -0.15
金錢 0.00 0.00 0.00 0.00 0.00
主 0.00 0.03 0.00 -0.06 0.07
驗屍官 -0.02 -0.04 -0.02 -0.06 0.05
