不甚 -0.08 -0.12 -0.11 -0.07 0.01
不算 -0.08 -0.12 -0.11 -0.07 0.01
畢竟 0.00 0.00 0.00 0.00 0.00
喪失 0.01 -0.40 -0.18 -0.20 0.05
隔離 0.08 -0.25 -0.13 -0.19 0.10
宏大 0.10 0.00 0.01 -0.04 0.06
混亂 -0.01 -0.39 -0.12 -0.12 0.04
嘆息 0.00 -0.25 -0.15 -0.17 0.08
調皮 0.03 -0.07 -0.04 -0.06 0.04
全方位 0.02 -0.03 0.01 -0.02 0.06
採用 -0.04 -0.03 -0.02 -0.09 0.07
盯 0.00 0.09 0.00 -0.03 0.05
觀看 0.00 0.09 0.00 -0.03 0.05
做菜 -0.03 0.07 0.03 -0.01 -0.05
淫亂 0.07 -0.02 0.00 -0.04 0.09
上升 0.03 -0.01 0.05 0.03 -0.13
搬遷 0.03 -0.01 0.05 0.03 -0.13
演說 0.06 0.07 0.04 0.01 0.04
議會 0.06 0.07 0.04 0.01 0.04
勤奮 0.03 0.01 -0.01 0.02 -0.07
酒會 -0.03 0.07 0.03 -0.01 -0.05
車庫 -0.01 -0.02 0.04 0.06 -0.15
櫥 -0.01 -0.02 0.04 0.06 -0.15
歐元 0.00 0.00 0.00 0.00 0.00
喇嘛 0.00 0.03 0.00 -0.06 0.07
瀕死 -0.02 -0.04 -0.02 -0.06 0.05
