大量 -0.11 0.02 -0.02 -0.11 0.03
早已 0.00 0.00 0.00 0.00 0.00
紛紛 0.00 0.00 0.00 0.00 0.00
愈 0.00 0.00 0.00 0.00 0.00
徹底 0.02 -0.03 0.01 -0.02 0.06
畫 0.00 0.00 0.00 0.00 0.00
男兒 0.12 -0.02 -0.01 -0.10 0.06
發牌 0.08 0.00 0.02 -0.02 0.02
外向 0.10 0.00 0.01 -0.04 0.06
生厭 0.00 -0.25 -0.15 -0.17 0.08
怪 0.00 -0.25 -0.15 -0.17 0.08
咯咯笑 0.10 0.00 0.01 -0.04 0.06
煩勞 -0.03 -0.33 -0.31 -0.31 0.14
悔不當初 -0.03 -0.02 -0.02 -0.06 0.02
刷 -0.01 -0.09 0.04 0.02 -0.04
掃視 0.00 0.00 0.00 0.00 0.00
燙 -0.01 -0.09 0.04 0.02 -0.04
左邊 -0.02 0.05 0.03 0.01 -0.04
秋天 -0.02 0.02 0.07 0.09 -0.15
失業 0.06 0.07 0.04 0.01 0.04
協會 0.06 0.07 0.04 0.01 0.04
待遇 0.06 0.07 0.04 0.01 0.04
博士 0.06 0.07 0.04 0.01 0.04
實現 0.09 0.08 0.03 0.03 -0.03
秀 -0.03 0.07 0.03 -0.01 -0.05
牌 -0.03 0.07 0.03 -0.01 -0.05
修理 -0.01 -0.02 0.04 0.06 -0.15
驗屍 -0.02 -0.04 -0.02 -0.06 0.05
