無限 0.02 -0.03 0.01 -0.02 0.06
處理 -0.03 -0.02 -0.02 -0.06 0.02
兒子 0.17 -0.07 0.08 -0.06 -0.01
仁愛 0.10 0.00 0.01 -0.04 0.06
自責 -0.03 -0.45 -0.31 -0.30 0.13
咬牙切齒 -0.03 -0.33 -0.31 -0.31 0.14
怒色 -0.03 -0.24 -0.31 -0.34 0.19
悔意 0.00 -0.37 -0.15 -0.16 0.07
協調 -0.07 -0.03 -0.03 -0.13 0.11
效果 0.01 -0.04 -0.03 -0.08 -0.10
基於 -0.02 -0.05 -0.02 -0.10 -0.03
敞開 -0.01 0.02 0.04 -0.01 -0.05
開放 -0.01 0.02 0.04 -0.01 -0.05
發光 0.00 0.09 0.00 -0.03 0.05
圖片 0.00 0.09 0.00 -0.03 0.05
吸毒 0.00 0.00 0.00 0.00 0.00
挨餓 0.00 0.00 0.00 0.00 0.00
雪茄 0.00 0.00 0.00 0.00 0.00
脹氣 0.00 0.00 0.00 0.00 0.00
灌腸 0.00 0.00 0.00 0.00 0.00
近代 -0.02 0.02 0.07 0.09 -0.15
逃逸 0.03 -0.01 0.05 0.03 -0.13
負責人 0.09 0.08 0.03 0.03 -0.03
成本 0.00 0.00 0.00 0.00 0.00
等等 -0.04 0.01 -0.01 -0.03 -0.01
