不足 -0.08 -0.50 -0.29 -0.27 0.03
耶 0.11 0.02 0.01 -0.08 0.10
無非 -0.08 -0.06 -0.07 0.01 -0.03
妻 0.13 -0.05 0.11 0.02 -0.05
自私 0.00 -0.25 -0.15 -0.17 0.08
惡鬥 0.00 -0.25 -0.15 -0.17 0.08
傻笑 0.10 0.00 0.01 -0.04 0.06
罪行 0.00 -0.25 -0.15 -0.17 0.08
疑點 -0.01 -0.39 -0.12 -0.12 0.04
熱鬧 0.03 -0.07 -0.04 -0.06 0.04
歡欣 0.10 0.00 0.01 -0.04 0.06
停下 -0.05 0.01 0.08 0.04 -0.22
確鑿 0.02 -0.03 0.01 -0.02 0.06
手指 -0.06 -0.13 0.00 -0.02 -0.02
痛飲 0.00 0.00 0.00 0.00 0.00
時候 -0.02 0.02 0.07 0.09 -0.15
航行 0.03 -0.01 0.05 0.03 -0.13
衰減 -0.02 0.02 0.07 0.09 -0.15
逃走 0.03 -0.01 0.05 0.03 -0.13
圍 -0.02 0.05 0.03 0.01 -0.04
順序 -0.02 0.02 0.07 0.09 -0.15
工業 0.06 0.07 0.04 0.01 0.04
概要 0.06 0.07 0.04 0.01 0.04
管絃樂 -0.03 0.07 0.03 -0.01 -0.05
床墊 -0.01 -0.02 0.04 0.06 -0.15
鰥夫 -0.01 -0.02 0.04 0.06 -0.15
