今天 -0.02 -0.10 0.06 0.06 -0.24
自行 0.00 0.00 0.00 0.00 0.00
很少 0.00 0.00 0.00 0.00 0.00
進一步 0.00 0.00 0.00 0.00 0.00
堂妹 0.13 -0.05 0.11 0.02 -0.05
怡人 0.03 -0.07 -0.04 -0.06 0.04
迫害 -0.06 -0.25 -0.19 -0.25 0.14
違紀 -0.06 -0.25 -0.19 -0.25 0.14
機敏 0.13 0.01 0.00 -0.02 -0.01
穩健 0.12 -0.03 0.02 -0.06 0.12
省略 -0.04 0.00 -0.04 -0.07 0.09
運氣 -0.09 -0.03 -0.05 -0.12 0.07
檢視 -0.04 -0.03 -0.02 -0.09 0.07
外貌 0.00 0.09 0.00 -0.03 0.05
氣息 -0.05 -0.04 -0.04 -0.04 0.02
響起 -0.03 0.00 -0.01 -0.04 0.04
滷味 0.00 0.00 0.00 0.00 0.00
天生 0.00 0.00 0.00 0.00 0.00
凋謝 -0.02 0.02 0.07 0.09 -0.15
移開 0.03 -0.01 0.05 0.03 -0.13
進展 0.06 0.00 0.04 0.05 -0.20
懸吊 0.03 -0.01 0.05 0.03 -0.13
書籍 0.03 0.14 0.07 0.00 -0.01
勞工 0.06 0.07 0.04 0.01 0.04
截稿 0.06 0.07 0.04 0.01 0.04
賺取 0.03 0.01 -0.01 0.02 -0.07
漫畫 -0.03 0.07 0.03 -0.01 -0.05
獨角戲 -0.03 0.07 0.03 -0.01 -0.05
