百 -0.03 0.05 -0.03 -0.02 -0.06
百分比 0.00 0.00 0.00 0.00 0.00
透過 0.00 0.06 0.04 0.08 -0.04
還是 -0.09 -0.03 -0.05 -0.12 0.07
寫 0.00 0.00 0.00 0.00 0.00
男友 0.18 -0.06 0.01 -0.09 -0.06
議論 0.04 -0.03 0.00 -0.11 0.09
外行 0.00 -0.25 -0.15 -0.17 0.08
肝腸寸斷 0.00 -0.37 -0.15 -0.16 0.07
幸福 0.10 0.00 0.01 -0.04 0.06
獨創 0.10 0.00 0.01 -0.04 0.06
艱澀 -0.06 -0.25 -0.19 -0.25 0.14
吞食 0.00 0.00 0.00 0.00 0.00
閃亮 0.00 0.09 0.00 -0.03 0.05
鋒利 -0.01 -0.09 0.04 0.02 -0.04
比薩 0.00 0.00 0.00 0.00 0.00
酒 -0.03 0.07 0.03 -0.01 -0.05
嚼 0.00 0.00 0.00 0.00 0.00
月份 -0.02 0.02 0.07 0.09 -0.15
浮 0.03 -0.01 0.05 0.03 -0.13
褪色 -0.02 0.02 0.07 0.09 -0.15
文書 0.06 0.07 0.04 0.01 0.04
首領 0.06 0.07 0.04 0.01 0.04
逆轉 0.03 0.01 -0.01 0.02 -0.07
拖把 -0.01 -0.02 0.04 0.06 -0.15
簾 -0.01 -0.02 0.04 0.06 -0.15
古墓 -0.02 -0.04 -0.02 -0.06 0.05
