不外 -0.08 -0.12 -0.11 -0.07 0.01
四千 -0.03 0.05 -0.03 -0.02 -0.06
捌 -0.03 0.05 -0.03 -0.02 -0.06
幹 0.03 -0.35 -0.45 -0.46 0.31
紳士 0.12 -0.02 -0.01 -0.10 0.06
恬 0.10 0.00 0.01 -0.04 0.06
統治 0.09 -0.17 -0.12 -0.14 0.05
滿足 0.13 0.01 0.00 -0.02 -0.01
懶惰 0.03 -0.24 -0.16 -0.15 0.01
拓展 0.01 -0.03 0.01 -0.02 -0.01
強制 -0.06 0.00 -0.04 -0.08 0.06
通牒 -0.06 0.00 -0.04 -0.08 0.06
烘焙 -0.01 -0.02 0.04 0.06 -0.15
腋 -0.05 -0.04 -0.04 -0.04 0.02
亂倫 0.07 -0.02 0.00 -0.04 0.09
早就 -0.02 0.02 0.07 0.09 -0.15
老化 -0.02 0.02 0.07 0.09 -0.15
微小 -0.02 0.05 0.03 0.01 -0.04
廣度 -0.02 0.05 0.03 0.01 -0.04
領袖 0.06 0.07 0.04 0.01 0.04
劇團 0.06 0.07 0.04 0.01 0.04
旅舍 -0.03 0.07 0.03 -0.01 -0.05
圍棋 -0.03 0.07 0.03 -0.01 -0.05
回教 0.00 0.03 0.00 -0.06 0.07
