不順 -0.08 -0.37 -0.26 -0.24 0.09
不對 -0.08 -0.12 -0.11 -0.07 0.01
以外 0.00 0.00 0.00 0.00 0.00
隨著 0.00 0.00 0.00 0.00 0.00
小姐 0.12 -0.02 -0.01 -0.10 0.06
敵人 0.05 -0.33 -0.29 -0.33 0.16
聽眾 0.14 0.07 0.06 -0.01 0.06
為難 0.00 -0.25 -0.15 -0.17 0.08
茫然 0.00 -0.25 -0.15 -0.17 0.08
逝世 0.00 -0.37 -0.15 -0.16 0.07
獎狀 0.13 0.01 0.00 -0.02 -0.01
鮮美 0.10 0.00 0.01 -0.04 0.06
全面 0.00 0.02 0.04 -0.01 0.02
避 -0.06 0.00 -0.04 -0.08 0.06
避免 -0.06 0.00 -0.04 -0.08 0.06
掃描 0.00 0.09 0.00 -0.03 0.05
嘔吐 0.00 0.00 0.00 0.00 0.00
抗酸 0.00 0.00 0.00 0.00 0.00
扔 0.03 -0.01 0.05 0.03 -0.13
連續 -0.02 0.02 0.07 0.09 -0.15
矮 -0.02 0.05 0.03 0.01 -0.04
瘦小 0.00 0.00 0.00 0.00 0.00
協議 0.09 0.08 0.03 0.03 -0.03
執行 0.09 0.08 0.03 0.03 -0.03
大樓 -0.01 -0.02 0.04 0.06 -0.15
一毛不拔 0.00 0.00 0.00 0.00 0.00
節約 0.00 0.00 0.00 0.00 0.00
祈求 0.00 0.03 0.00 -0.06 0.07
棺 -0.02 -0.04 -0.02 -0.06 0.05
殘骸 -0.02 -0.04 -0.02 -0.06 0.05
