不須 -0.11 -0.14 -0.13 -0.13 0.03
豐富 0.10 0.00 0.01 -0.04 0.06
住 0.00 0.00 0.00 0.00 0.00
子女 0.12 -0.02 -0.01 -0.10 0.06
可鄙 -0.03 -0.33 -0.31 -0.31 0.14
爽朗 0.10 0.00 0.01 -0.04 0.06
罪過 0.00 -0.25 -0.15 -0.17 0.08
寧靜 0.10 0.00 0.01 -0.04 0.06
豪華 0.10 0.00 0.01 -0.04 0.06
親 0.17 -0.02 0.01 -0.08 0.15
難題 0.00 -0.25 -0.15 -0.17 0.08
重整 -0.04 -0.03 -0.02 -0.09 0.07
極限 -0.03 0.01 -0.05 -0.06 -0.01
義務 0.08 0.07 0.02 -0.01 0.07
目光 0.00 0.09 0.00 -0.03 0.05
看上 0.00 0.09 0.00 -0.03 0.05
食品 0.00 0.00 0.00 0.00 0.00
南方 -0.02 0.05 0.03 0.01 -0.04
時來 -0.02 0.02 0.07 0.09 -0.15
深淵 -0.02 0.05 0.03 0.01 -0.04
輪迴 -0.02 0.05 0.07 0.03 -0.08
賽跑 0.00 0.06 0.08 0.02 -0.18
教務長 0.06 0.07 0.04 0.01 0.04
類型 0.06 0.07 0.04 0.01 0.04
名聞遐邇 0.03 0.01 -0.01 0.02 -0.07
夜總會 -0.03 0.07 0.03 -0.01 -0.05
夢想 -0.03 0.07 0.03 -0.01 -0.05
