不拘小節 0.02 -0.12 -0.10 -0.11 0.07
不配 -0.05 -0.11 -0.12 -0.05 -0.06
多數 -0.09 -0.03 -0.05 -0.12 0.07
那裡 0.07 -0.12 0.04 0.02 -0.06
心愛 0.10 0.00 0.01 -0.04 0.06
自鳴得意 0.03 -0.07 -0.04 -0.06 0.04
得罪 -0.03 -0.33 -0.31 -0.31 0.14
惹惱 -0.03 -0.33 -0.31 -0.31 0.14
僵住 -0.06 -0.25 -0.19 -0.25 0.14
暴力 -0.03 -0.33 -0.31 -0.31 0.14
擊敗 0.06 -0.06 -0.05 -0.04 -0.03
加 0.01 -0.03 0.01 -0.02 -0.01
每每 0.06 -0.04 0.04 0.02 0.03
停放 -0.06 0.00 -0.04 -0.08 0.06
黏膜 -0.05 -0.04 -0.04 -0.04 0.02
老是 -0.02 0.02 0.07 0.09 -0.15
到期 -0.02 0.02 0.07 0.09 -0.15
起始 -0.02 0.02 0.07 0.09 -0.15
期間 -0.02 0.02 0.07 0.09 -0.15
置 -0.02 0.05 0.03 0.01 -0.04
東山再起 0.03 0.01 -0.01 0.02 -0.07
休憩 -0.03 0.07 0.03 -0.01 -0.05
氧 -0.03 0.07 0.03 -0.01 -0.05
清潔 -0.01 -0.02 0.04 0.06 -0.15
押金 0.00 0.00 0.00 0.00 0.00
商 0.00 0.00 0.00 0.00 0.00
鬼門 0.00 0.03 0.00 -0.06 0.07
禁欲 0.00 0.03 0.00 -0.06 0.07
