杯 0.00 0.00 0.00 0.00 0.00
煮 -0.03 0.07 0.03 -0.01 -0.05
慶典 0.15 0.07 0.06 -0.07 0.03
養母 0.13 -0.05 0.11 0.02 -0.05
雙親 0.13 -0.05 0.11 0.02 -0.05
聽從 0.08 0.00 0.02 -0.02 0.02
可口 0.10 0.00 0.01 -0.04 0.06
可憎 -0.03 -0.33 -0.31 -0.31 0.14
生動 0.10 0.09 0.01 -0.07 0.11
攻擊 -0.03 -0.33 -0.31 -0.31 0.14
呵呵 0.11 0.02 0.01 -0.08 0.10
浪漫 0.10 0.00 0.01 -0.04 0.06
貪心 0.00 -0.25 -0.15 -0.17 0.08
焦急 -0.01 -0.39 -0.12 -0.12 0.04
罪犯 0.00 -0.25 -0.15 -0.17 0.08
獎章 0.13 0.01 0.00 -0.02 -0.01
嚴格 -0.03 -0.07 -0.08 -0.14 0.10
沉默 -0.03 0.00 -0.01 -0.04 0.04
鬆散 -0.01 -0.09 0.04 0.02 -0.04
抽菸 0.00 0.00 0.00 0.00 0.00
昏厥 0.00 0.00 0.00 0.00 0.00
快遞 0.03 -0.01 0.05 0.03 -0.13
夜晚 -0.02 0.02 0.07 0.09 -0.15
夏天 -0.02 0.02 0.07 0.09 -0.15
逮住 0.03 -0.01 0.05 0.03 -0.13
經過 0.03 -0.01 0.05 0.03 -0.13
過往 -0.02 0.02 0.07 0.09 -0.15
合格 0.06 0.07 0.04 0.01 0.04
協商會 0.06 0.07 0.04 0.01 0.04
教育 0.06 0.07 0.04 0.01 0.04
福利 0.06 0.07 0.04 0.01 0.04
門票 -0.03 0.07 0.03 -0.01 -0.05
俱樂部 -0.03 0.07 0.03 -0.01 -0.05
便宜 0.00 0.00 0.00 0.00 0.00
修道士 0.00 0.03 0.00 -0.06 0.07
