不住 -0.08 -0.12 -0.11 -0.07 0.01
以往 -0.02 0.02 0.07 0.09 -0.15
因而 0.00 0.00 0.00 0.00 0.00
即日 0.00 -0.12 -0.01 -0.03 -0.09
除外 -0.04 0.06 0.00 0.01 0.05
停 0.01 0.01 0.12 0.12 -0.28
等待 -0.06 0.00 -0.04 -0.08 0.06
女 0.12 -0.02 -0.01 -0.10 0.06
種族 0.08 0.00 0.02 -0.02 0.02
損壞 -0.03 -0.33 -0.31 -0.31 0.14
憎 -0.03 -0.33 -0.31 -0.31 0.14
樂善 0.10 0.00 0.01 -0.04 0.06
昏 0.00 0.00 0.00 0.00 0.00
彩色 0.00 0.09 0.00 -0.03 0.05
哮喘 0.00 0.00 0.00 0.00 0.00
醫學 0.06 0.07 0.04 0.01 0.04
旅行 0.00 0.06 0.08 0.02 -0.18
除夕 -0.02 0.02 0.07 0.09 -0.15
生意 0.06 0.07 0.04 0.01 0.04
堅忍 0.03 0.01 -0.01 0.02 -0.07
披索 0.00 0.00 0.00 0.00 0.00
錢 0.00 0.00 0.00 0.00 0.00
