參 -0.03 0.05 -0.03 -0.02 -0.06
消失 0.01 0.04 0.08 0.04 -0.17
實行 0.00 0.00 0.00 0.00 0.00
摯友 0.24 -0.04 0.05 -0.05 -0.04
刺眼 0.00 -0.25 -0.15 -0.17 0.08
甜頭 0.10 0.00 0.01 -0.04 0.06
徬徨 -0.10 -0.42 -0.17 -0.24 0.11
極端 0.05 -0.10 -0.03 -0.08 0.10
厭煩 -0.03 -0.33 -0.31 -0.31 0.14
打消 -0.06 0.00 -0.04 -0.08 0.06
冀望 -0.03 -0.02 -0.02 -0.06 0.02
警惕 -0.06 0.00 -0.04 -0.08 0.06
色彩 0.00 0.09 0.00 -0.03 0.05
瞪眼 0.00 0.09 0.00 -0.03 0.05
扁桃腺 -0.05 -0.04 -0.04 -0.04 0.02
胸 -0.05 -0.04 -0.04 -0.04 0.02
酒精 -0.03 0.07 0.03 -0.01 -0.05
一下 -0.02 0.02 0.07 0.09 -0.15
台上 -0.02 0.05 0.03 0.01 -0.04
時間 -0.02 0.02 0.07 0.09 -0.15
解雇 0.06 0.07 0.04 0.01 0.04
幕僚 0.06 0.07 0.04 0.01 0.04
屋子 -0.01 -0.02 0.04 0.06 -0.15
法輪 0.00 0.03 0.00 -0.06 0.07
聖母 0.00 0.03 0.00 -0.06 0.07
