如今 0.00 -0.12 -0.01 -0.03 -0.09
類 0.00 0.00 0.00 0.00 0.00
邀請 0.08 0.00 0.02 -0.02 0.02
姑母 0.13 -0.05 0.11 0.02 -0.05
上級 0.03 -0.07 -0.04 -0.06 0.04
壯闊 0.10 0.00 0.01 -0.04 0.06
討喜 0.10 0.00 0.01 -0.04 0.06
羞怯 -0.01 -0.39 -0.12 -0.12 0.04
愉 0.10 0.00 0.01 -0.04 0.06
渴望 0.07 -0.02 -0.01 -0.10 0.08
糊塗 -0.04 -0.41 -0.14 -0.18 0.06
受限 -0.06 0.00 -0.04 -0.08 0.06
為啥 -0.02 -0.05 -0.02 -0.10 -0.03
準備 -0.03 -0.02 -0.02 -0.06 0.02
炒飯 0.07 -0.02 0.00 -0.04 0.09
上樓 0.01 0.04 0.08 0.04 -0.17
包圍 -0.02 0.05 0.03 0.01 -0.04
技術 0.03 0.01 -0.01 0.02 -0.07
能力 0.03 0.01 -0.01 0.02 -0.07
民宿 -0.03 0.07 0.03 -0.01 -0.05
假日 -0.03 0.07 0.03 -0.01 -0.05
