已 0.00 0.00 0.00 0.00 0.00
五十 -0.03 0.05 -0.03 -0.02 -0.06
伙 0.08 0.00 0.02 -0.02 0.02
集 0.00 0.00 0.00 0.00 0.00
該 0.00 0.00 0.00 0.00 0.00
種 0.00 0.00 0.00 0.00 0.00
遠 -0.02 0.05 0.03 0.01 -0.04
關心 0.03 -0.07 -0.04 -0.06 0.04
義母 0.13 -0.05 0.11 0.02 -0.05
鍾愛 0.18 0.00 0.03 -0.06 0.08
怒 -0.03 -0.33 -0.31 -0.31 0.14
缺少 -0.03 -0.27 -0.17 -0.23 0.10
偷 0.00 -0.25 -0.15 -0.17 0.08
啜泣 0.00 -0.37 -0.15 -0.16 0.07
戰鬥 -0.03 -0.33 -0.31 -0.31 0.14
懼怕 -0.01 -0.39 -0.12 -0.12 0.04
怎地 -0.09 -0.03 -0.05 -0.12 0.07
偶然 -0.11 -0.01 0.02 -0.03 -0.08
無為 -0.03 -0.02 -0.02 -0.06 0.02
藥丸 0.00 0.00 0.00 0.00 0.00
地圖 -0.02 0.05 0.03 0.01 -0.04
事過境遷 0.03 -0.01 0.05 0.03 -0.13
持久 -0.02 0.02 0.07 0.09 -0.15
時事 -0.02 0.02 0.07 0.09 -0.15
場所 -0.02 0.05 0.03 0.01 -0.04
過時 -0.02 0.02 0.07 0.09 -0.15
駕 0.03 -0.01 0.05 0.03 -0.13
教育性 0.06 0.07 0.04 0.01 0.04
職校 0.06 0.07 0.04 0.01 0.04
無敵 0.03 0.01 -0.01 0.02 -0.07
閒聊 -0.03 0.07 0.03 -0.01 -0.05
閒逛 -0.03 0.07 0.03 -0.01 -0.05
歌舞 -0.03 0.07 0.03 -0.01 -0.05
