佰 -0.03 0.05 -0.03 -0.02 -0.06
明天 -0.04 0.03 0.09 0.16 -0.19
堆 0.00 0.00 0.00 0.00 0.00
著手 0.00 0.00 0.00 0.00 0.00
輸 0.03 -0.36 -0.16 -0.14 0.00
社交 0.08 0.00 0.02 -0.02 0.02
款待 0.18 0.00 0.03 -0.06 0.08
平庸 0.03 -0.24 -0.16 -0.15 0.01
抱歉 0.00 -0.25 -0.15 -0.17 0.08
誇大 0.03 -0.07 -0.04 -0.06 0.04
酸甜苦辣 0.03 -0.07 -0.04 -0.06 0.04
求證 -0.03 -0.06 -0.02 -0.13 0.02
奧秘 -0.09 -0.03 -0.05 -0.12 0.07
僵固 -0.06 0.00 -0.04 -0.08 0.06
鼻孔 -0.05 -0.04 -0.04 -0.04 0.02
手掌 -0.05 -0.04 -0.04 -0.04 0.02
皰疹 0.00 0.00 0.00 0.00 0.00
老舊 -0.02 0.02 0.07 0.09 -0.15
倉促 -0.02 0.02 0.07 0.09 -0.15
隔週 -0.02 0.02 0.07 0.09 -0.15
委派 0.06 0.07 0.04 0.01 0.04
佈道 0.00 0.03 0.00 -0.06 0.07
偈誦 0.00 0.03 0.00 -0.06 0.07
