之餘 0.00 0.00 0.00 0.00 0.00
串 0.00 0.00 0.00 0.00 0.00
沒關係 -0.08 -0.12 -0.11 -0.07 0.01
架 0.00 0.00 0.00 0.00 0.00
倘若 0.00 0.00 0.00 0.00 0.00
莫 -0.08 -0.12 -0.11 -0.07 0.01
伯父 0.13 -0.05 0.11 0.02 -0.05
哈哈 0.11 0.02 0.01 -0.08 0.10
動人 0.10 0.00 0.01 -0.04 0.06
違心 -0.06 -0.25 -0.19 -0.25 0.14
憂患 -0.01 -0.51 -0.12 -0.11 0.03
干擾 -0.06 0.00 -0.04 -0.08 0.06
正確 0.02 -0.03 0.01 -0.02 0.06
供認 -0.04 -0.03 -0.02 -0.09 0.07
被迫 -0.06 0.00 -0.04 -0.08 0.06
實情 0.02 -0.03 0.01 -0.02 0.06
冰凍 -0.01 -0.09 0.04 0.02 -0.04
刮 -0.01 -0.09 0.04 0.02 -0.04
香噴噴 0.00 0.00 0.00 0.00 0.00
性愛 0.07 -0.02 0.00 -0.04 0.09
娼 0.07 -0.02 0.00 -0.04 0.09
菸 0.00 0.00 0.00 0.00 0.00
腳背 -0.05 -0.04 -0.04 -0.04 0.02
腺 0.00 0.00 0.00 0.00 0.00
嘴巴 -0.05 -0.04 -0.04 -0.04 0.02
窄小 -0.02 0.05 0.03 0.01 -0.04
推進 0.06 0.00 0.04 0.05 -0.20
期限 0.04 0.09 0.11 0.10 -0.11
科系 0.06 0.07 0.04 0.01 0.04
寵物 -0.01 -0.02 0.04 0.06 -0.15
