八億 -0.03 0.05 -0.03 -0.02 -0.06
不知 -0.08 -0.12 -0.11 -0.07 0.01
不耐煩 -0.09 -0.51 -0.23 -0.19 0.05
因此 -0.02 -0.05 -0.02 -0.10 -0.03
長 -0.02 0.02 0.07 0.09 -0.15
隨意 -0.06 -0.10 -0.09 -0.18 0.11
抓住 -0.04 -0.10 0.05 -0.03 -0.11
給予 0.14 0.00 0.06 0.03 -0.18
局外人 0.08 0.00 0.02 -0.02 0.02
可惡 -0.03 -0.33 -0.31 -0.31 0.14
攻勢 0.00 -0.25 -0.15 -0.17 0.08
決心 0.09 -0.02 -0.02 -0.11 0.06
侵襲 -0.03 -0.33 -0.31 -0.31 0.14
思鄉 0.10 0.00 0.01 -0.04 0.06
降級 0.06 -0.18 -0.11 -0.16 0.12
時髦 0.10 0.00 0.01 -0.04 0.06
狹隘 -0.06 -0.25 -0.19 -0.25 0.14
喪志 0.00 -0.25 -0.15 -0.17 0.08
痛不欲生 0.00 -0.37 -0.15 -0.16 0.07
陽光 0.10 0.09 0.01 -0.07 0.11
傷心 0.00 -0.37 -0.15 -0.16 0.07
保守 -0.06 0.00 -0.04 -0.08 0.06
意下 -0.04 -0.03 -0.02 -0.09 0.07
覺悟 -0.04 -0.03 -0.02 -0.09 0.07
淤血 0.00 0.00 0.00 0.00 0.00
進食 0.00 0.00 0.00 0.00 0.00
闌尾炎 0.00 0.00 0.00 0.00 0.00
快行 -0.02 0.02 0.07 0.09 -0.15
時運 -0.02 0.02 0.07 0.09 -0.15
搬 0.03 -0.01 0.05 0.03 -0.13
頻率 -0.02 0.02 0.07 0.09 -0.15
實驗 0.06 0.07 0.04 0.01 0.04
三鐵 -0.03 0.07 0.03 -0.01 -0.05
