不爽 -0.11 -0.45 -0.42 -0.38 0.15
六萬 -0.03 0.05 -0.03 -0.02 -0.06
充滿 -0.02 0.05 0.03 0.01 -0.04
除非 -0.04 0.00 -0.04 -0.07 0.09
尋找 -0.04 -0.03 -0.02 -0.09 0.07
成年 0.06 0.02 0.09 0.07 -0.13
原諒 0.14 -0.03 0.01 -0.15 0.15
侵略 -0.03 -0.33 -0.31 -0.31 0.14
哭泣 0.00 -0.37 -0.15 -0.16 0.07
疲憊 0.00 -0.25 -0.15 -0.17 0.08
愚笨 -0.03 -0.33 -0.31 -0.31 0.14
豪爽 0.10 0.00 0.01 -0.04 0.06
封條 -0.06 0.00 -0.04 -0.08 0.06
相似 0.01 -0.03 0.01 -0.02 -0.01
差異 -0.03 -0.02 -0.02 -0.06 0.02
欲望 -0.03 -0.02 -0.02 -0.06 0.02
細看 0.00 0.09 0.00 -0.03 0.05
碰到 -0.01 -0.09 0.04 0.02 -0.04
生理 0.00 0.00 0.00 0.00 0.00
吃飽 0.00 0.00 0.00 0.00 0.00
腰身 -0.05 -0.04 -0.04 -0.04 0.02
古老 -0.02 0.02 0.07 0.09 -0.15
本地 -0.02 0.05 0.03 0.01 -0.04
原處 -0.02 0.02 0.07 0.09 -0.15
清明節 -0.02 0.02 0.07 0.09 -0.15
陸地 -0.02 0.05 0.03 0.01 -0.04
等一會 -0.02 0.02 0.07 0.09 -0.15
跟隨 0.03 -0.01 0.05 0.03 -0.13
遼闊 -0.02 0.05 0.03 0.01 -0.04
小睡 -0.03 0.07 0.03 -0.01 -0.05
博物館 -0.03 0.07 0.03 -0.01 -0.05
地毯 -0.01 -0.02 0.04 0.06 -0.15
