不虞 -0.08 -0.12 -0.11 -0.07 0.01
式 0.00 0.00 0.00 0.00 0.00
否認 -0.09 -0.45 -0.44 -0.48 0.23
快 -0.02 0.02 0.07 0.09 -0.15
我倆 0.15 -0.12 0.06 0.00 -0.04
咧 0.00 0.00 0.00 0.00 0.00
後 -0.06 0.08 0.12 0.17 -0.23
外人 0.08 0.00 0.02 -0.02 0.02
坎坷 0.00 -0.25 -0.15 -0.17 0.08
良 0.10 0.00 0.01 -0.04 0.06
使勁 0.03 -0.07 -0.04 -0.06 0.04
欣慰 0.10 0.00 0.01 -0.04 0.06
鐵定 0.02 -0.03 0.01 -0.02 0.06
旁觀 0.00 0.09 0.00 -0.03 0.05
漆黑 0.00 0.09 0.00 -0.03 0.05
鹹 0.00 0.00 0.00 0.00 0.00
前列腺 0.02 -0.06 -0.04 -0.08 0.11
畸形 0.00 0.00 0.00 0.00 0.00
冬天 -0.02 0.02 0.07 0.09 -0.15
早起 -0.02 0.02 0.07 0.09 -0.15
百年 -0.02 0.02 0.07 0.09 -0.15
瀕臨 -0.02 0.05 0.03 0.01 -0.04
註冊 0.06 0.07 0.04 0.01 0.04
消遣 -0.03 0.07 0.03 -0.01 -0.05
欠 0.00 0.00 0.00 0.00 0.00
清真寺 0.00 0.03 0.00 -0.06 0.07
業果 0.00 0.03 0.00 -0.06 0.07
嚴制 -0.02 -0.04 -0.02 -0.06 0.05
