不如 -0.08 -0.12 -0.11 -0.07 0.01
即 0.00 0.00 0.00 0.00 0.00
甫 0.00 0.00 0.00 0.00 0.00
並 0.00 0.00 0.00 0.00 0.00
通常 -0.11 -0.01 0.02 -0.03 -0.08
悔改 0.00 -0.37 -0.15 -0.16 0.07
榮譽 0.19 0.08 0.04 -0.01 0.03
輕鬆 0.07 0.07 0.04 -0.05 0.01
歡天喜地 0.10 0.00 0.01 -0.04 0.06
重組 -0.04 -0.03 -0.02 -0.09 0.07
警告 -0.06 0.00 -0.04 -0.08 0.06
照耀 0.00 0.00 0.00 0.00 0.00
蒼白 0.00 0.00 0.00 0.00 0.00
貞潔 0.07 -0.02 0.00 -0.04 0.09
烘 -0.01 -0.02 0.04 0.06 -0.15
病態 0.00 0.00 0.00 0.00 0.00
賣淫 0.07 -0.02 0.00 -0.04 0.09
膿包 0.00 0.00 0.00 0.00 0.00
互換 0.03 -0.01 0.05 0.03 -0.13
交會 0.00 0.00 0.00 0.00 0.00
年終 -0.02 0.02 0.07 0.09 -0.15
活動 0.03 -0.01 0.05 0.03 -0.13
定案 0.09 0.08 0.03 0.03 -0.03
股票 0.06 0.07 0.04 0.01 0.04
歸於 0.06 0.07 0.04 0.01 0.04
飛黃騰達 0.03 0.01 -0.01 0.02 -0.07
超級 0.03 0.01 -0.01 0.02 -0.07
煉獄 0.00 0.03 0.00 -0.06 0.07
