不良 -0.08 -0.12 -0.11 -0.07 0.01
另一方面 0.00 0.00 0.00 0.00 0.00
全體 0.00 0.00 0.00 0.00 0.00
汝等 0.15 -0.12 0.06 0.00 -0.04
持續 -0.02 0.01 0.04 0.05 -0.20
他媽的 -0.04 -0.33 -0.45 -0.42 0.22
派遣 0.11 -0.01 0.07 0.01 -0.11
異父 0.13 -0.05 0.11 0.02 -0.05
復仇 -0.03 -0.33 -0.31 -0.31 0.14
詭計 0.00 -0.25 -0.15 -0.17 0.08
賤骨頭 0.00 -0.25 -0.15 -0.17 0.08
激怒 -0.06 -0.35 -0.33 -0.37 0.16
贊同 0.13 0.01 0.00 -0.02 -0.01
揣度 -0.09 -0.03 -0.05 -0.12 0.07
短暫 -0.11 -0.01 0.02 -0.03 -0.08
想當 -0.04 -0.03 -0.02 -0.09 0.07
尖 -0.01 -0.09 0.04 0.02 -0.04
色 0.00 0.00 0.00 0.00 0.00
通紅 0.00 0.09 0.00 -0.03 0.05
水性楊花 0.07 -0.02 0.00 -0.04 0.09
出血 0.00 0.00 0.00 0.00 0.00
酒醉 0.00 0.00 0.00 0.00 0.00
蜜餞 0.00 0.00 0.00 0.00 0.00
立場 -0.02 0.05 0.03 0.01 -0.04
早安 -0.02 0.02 0.07 0.09 -0.15
逃跑 0.03 -0.01 0.05 0.03 -0.13
撞見 0.03 -0.01 0.05 0.03 -0.13
寰宇 -0.02 0.05 0.03 0.01 -0.04
小學 0.06 0.07 0.04 0.01 0.04
申請人 0.06 0.07 0.04 0.01 0.04
同仁 0.06 0.07 0.04 0.01 0.04
書本 0.03 0.14 0.07 0.00 -0.01
專家 0.09 0.08 0.03 0.03 -0.03
董事長 0.06 0.07 0.04 0.01 0.04
權威 0.03 0.01 -0.01 0.02 -0.07
商人 0.00 0.00 0.00 0.00 0.00
