不當 -0.08 -0.37 -0.26 -0.24 0.09
她 0.15 -0.12 0.06 0.00 -0.04
無從 -0.08 -0.06 -0.07 0.01 -0.03
聲 0.00 0.00 0.00 0.00 0.00
進入 0.00 0.03 0.16 0.11 -0.33
賤貨 0.03 -0.35 -0.45 -0.46 0.31
女色 0.19 -0.04 -0.01 -0.14 0.15
其實 0.01 -0.03 0.01 -0.02 -0.01
操控 -0.02 -0.05 -0.02 -0.10 -0.03
尖叫 -0.03 0.00 -0.01 -0.04 0.04
雷聲 -0.03 0.00 -0.01 -0.04 0.04
聾啞 -0.03 0.00 -0.01 -0.04 0.04
觀見 0.00 0.09 0.00 -0.03 0.05
血管 -0.05 -0.04 -0.04 -0.04 0.02
咳 0.00 0.00 0.00 0.00 0.00
渴 -0.05 -0.04 -0.04 -0.04 0.02
伴隨 0.03 -0.01 0.05 0.03 -0.13
逃亡 0.03 -0.01 0.05 0.03 -0.13
工廠 0.06 0.07 0.04 0.01 0.04
復習 0.06 0.07 0.04 0.01 0.04
獵人 0.06 0.07 0.04 0.01 0.04
飾品 -0.03 0.07 0.03 -0.01 -0.05
債 0.00 0.00 0.00 0.00 0.00
分屍 -0.02 -0.04 -0.02 -0.06 0.05
祭祖 -0.02 -0.04 -0.02 -0.06 0.05
話說 -0.04 0.01 -0.01 -0.03 -0.01
