不禁 -0.08 -0.12 -0.11 -0.07 0.01
加以 0.00 0.00 0.00 0.00 0.00
沒空 -0.08 -0.12 -0.11 -0.07 0.01
看 -0.02 0.01 0.02 0.07 -0.04
靠背 -0.01 0.00 -0.14 -0.11 0.08
名人 0.05 0.07 0.05 -0.03 -0.03
有用 0.10 0.00 0.01 -0.04 0.06
怕 -0.01 -0.39 -0.12 -0.12 0.04
拋棄 -0.03 -0.33 -0.31 -0.31 0.14
博學 0.10 0.00 0.01 -0.04 0.06
嚇 -0.01 -0.39 -0.12 -0.12 0.04
抵禦 -0.06 0.00 -0.04 -0.08 0.06
排除 -0.04 0.00 -0.04 -0.07 0.09
提交 -0.03 -0.02 -0.02 -0.06 0.02
禁閉 -0.06 0.00 -0.04 -0.08 0.06
演繹 -0.04 -0.03 -0.02 -0.09 0.07
肺 -0.05 -0.04 -0.04 -0.04 0.02
偷情 0.07 -0.02 0.00 -0.04 0.09
下面 -0.02 0.05 0.03 0.01 -0.04
年頭 -0.02 0.02 0.07 0.09 -0.15
車道 -0.02 0.05 0.03 0.01 -0.04
等級 0.09 0.08 0.03 0.03 -0.03
靠近 0.01 0.04 0.08 0.04 -0.17
律師 0.06 0.07 0.04 0.01 0.04
廣播 -0.03 0.07 0.03 -0.01 -0.05
牧師 0.00 0.03 0.00 -0.06 0.07
香客 0.00 0.03 0.00 -0.06 0.07
舊約 0.00 0.03 0.00 -0.06 0.07
讚美詩 0.00 0.03 0.00 -0.06 0.07
