二萬 -0.03 0.05 -0.03 -0.02 -0.06
不謂 -0.08 -0.12 -0.11 -0.07 0.01
日前 0.00 0.00 0.00 0.00 0.00
門 -0.01 -0.02 0.04 0.06 -0.15
非得 -0.08 -0.12 -0.11 -0.07 0.01
前天 -0.02 0.02 0.07 0.09 -0.15
傳達 0.11 -0.01 0.07 0.01 -0.11
承諾 0.12 -0.03 0.02 -0.06 0.12
知識 -0.01 -0.10 -0.06 -0.15 0.11
衰微 0.00 -0.25 -0.15 -0.17 0.08
富有 0.10 0.00 0.01 -0.04 0.06
發怒 -0.03 -0.33 -0.31 -0.31 0.14
傷勢 0.00 -0.37 -0.15 -0.16 0.07
拒用 -0.06 0.00 -0.04 -0.08 0.06
廢止 -0.06 0.00 -0.04 -0.08 0.06
眼睛 -0.05 0.05 -0.04 -0.07 0.07
出汗 -0.05 -0.04 -0.04 -0.04 0.02
果汁 0.00 0.00 0.00 0.00 0.00
病房 0.00 0.00 0.00 0.00 0.00
日常 -0.02 0.02 0.07 0.09 -0.15
朝代 -0.02 0.02 0.07 0.09 -0.15
用功 0.03 0.01 -0.01 0.02 -0.07
超越 0.03 0.01 -0.01 0.02 -0.07
耶穌會 0.00 0.03 0.00 -0.06 0.07
