不可不 -0.08 -0.12 -0.11 -0.07 0.01
不斷 -0.10 -0.10 -0.04 0.02 -0.14
更少 0.00 0.00 0.00 0.00 0.00
祢 0.14 -0.09 0.00 -0.04 0.07
數十 -0.03 0.05 -0.03 -0.02 -0.06
公眾 0.08 0.00 0.02 -0.02 0.02
引人注目 0.10 0.00 0.01 -0.04 0.06
狂喜 0.10 0.00 0.01 -0.04 0.06
宜人 0.10 0.00 0.01 -0.04 0.06
崇高 0.10 0.00 0.01 -0.04 0.06
羞愧 -0.01 -0.39 -0.12 -0.12 0.04
優秀 0.13 0.01 0.00 -0.02 -0.01
驚險 0.00 -0.25 -0.15 -0.17 0.08
估算 0.02 0.04 0.02 -0.08 0.11
抵住 -0.06 0.00 -0.04 -0.08 0.06
法則 -0.03 -0.02 -0.02 -0.06 0.02
保送 -0.06 0.00 -0.04 -0.08 0.06
追溯 -0.03 -0.06 -0.02 -0.13 0.02
調停 -0.04 -0.03 -0.02 -0.09 0.07
抹 -0.01 -0.09 0.04 0.02 -0.04
胯 -0.05 -0.04 -0.04 -0.04 0.02
額 -0.05 -0.04 -0.04 -0.04 0.02
交錯 -0.02 0.05 0.03 0.01 -0.04
替代 0.09 0.06 0.09 0.04 -0.09
原則 0.06 0.07 0.04 0.01 0.04
會費 0.06 0.07 0.04 0.01 0.04
技巧 0.03 0.01 -0.01 0.02 -0.07
動畫 -0.03 0.07 0.03 -0.01 -0.05
烘乾機 -0.01 -0.02 0.04 0.06 -0.15
出家 0.00 0.03 0.00 -0.06 0.07
