五兆 -0.03 0.05 -0.03 -0.02 -0.06
以下 -0.02 0.05 0.03 0.01 -0.04
系列 0.00 0.00 0.00 0.00 0.00
趟 0.00 0.00 0.00 0.00 0.00
雙 0.00 0.00 0.00 0.00 0.00
三姑六婆 0.08 0.00 0.02 -0.02 0.02
哈 0.11 0.02 0.01 -0.08 0.10
疲累 0.00 -0.25 -0.15 -0.17 0.08
迷失 -0.06 -0.10 -0.09 -0.18 0.11
敬意 0.10 0.00 0.01 -0.04 0.06
疑難 -0.01 -0.39 -0.12 -0.12 0.04
腐敗 0.00 -0.25 -0.15 -0.17 0.08
戰勝 0.06 -0.06 -0.05 -0.04 -0.03
癡迷 0.03 -0.07 -0.04 -0.06 0.04
歡樂 0.07 0.07 0.04 -0.05 0.01
界線 -0.06 0.00 -0.04 -0.08 0.06
迫在眉睫 -0.06 0.00 -0.04 -0.08 0.06
起因 -0.02 -0.05 -0.02 -0.10 -0.03
確有 0.02 -0.03 0.01 -0.02 0.06
四方 0.00 0.00 0.00 0.00 0.00
樂曲 -0.06 0.07 0.02 -0.05 -0.01
切除 0.00 0.00 0.00 0.00 0.00
咪咪 0.02 -0.06 -0.04 -0.08 0.11
骨盆 -0.05 -0.04 -0.04 -0.04 0.02
晚餐 -0.02 0.02 0.07 0.09 -0.15
蛋 0.00 0.00 0.00 0.00 0.00
診斷書 0.00 0.00 0.00 0.00 0.00
煎 0.00 0.00 0.00 0.00 0.00
腰部 -0.05 -0.04 -0.04 -0.04 0.02
外部 -0.02 0.05 0.03 0.01 -0.04
低微 0.00 0.00 0.00 0.00 0.00
神乎其技 0.03 0.01 -0.01 0.02 -0.07
光碟 -0.03 0.07 0.03 -0.01 -0.05
網路 -0.03 0.07 0.03 -0.01 -0.05
頻道 -0.03 0.07 0.03 -0.01 -0.05
滅絕 -0.02 -0.04 -0.02 -0.06 0.05
