三億 -0.03 0.05 -0.03 -0.02 -0.06
不可能 -0.06 -0.15 -0.10 -0.09 0.07
不留 -0.08 -0.12 -0.11 -0.07 0.01
他人 0.15 -0.12 0.06 0.00 -0.04
教授 0.06 0.07 0.04 0.01 0.04
猜 -0.09 -0.03 -0.05 -0.12 0.07
開車 0.03 -0.01 0.05 0.03 -0.13
適應 -0.03 -0.02 -0.02 -0.06 0.02
公有 0.08 0.00 0.02 -0.02 0.02
商定 0.14 0.07 0.06 -0.01 0.06
災 0.00 -0.25 -0.15 -0.17 0.08
哭鬧 0.00 -0.37 -0.15 -0.16 0.07
善良 0.10 0.00 0.01 -0.04 0.06
盜 0.00 -0.25 -0.15 -0.17 0.08
願 0.00 -0.09 -0.06 -0.12 0.06
定義 0.01 -0.04 0.01 -0.05 0.11
保安 -0.06 0.00 -0.04 -0.08 0.06
停職 -0.06 0.00 -0.04 -0.08 0.06
揭示 -0.04 -0.03 -0.02 -0.09 0.07
分貝 -0.03 0.00 -0.01 -0.04 0.04
圓形 -0.01 0.00 0.04 -0.01 0.01
疹 -0.05 -0.04 -0.04 -0.04 0.02
健檢 0.00 0.00 0.00 0.00 0.00
額頭 -0.05 -0.04 -0.04 -0.04 0.02
下級 -0.02 0.05 0.03 0.01 -0.04
行駛 0.03 -0.01 0.05 0.03 -0.13
核心 -0.02 0.05 0.03 0.01 -0.04
現代 -0.02 0.02 0.07 0.09 -0.15
離開 0.01 0.04 0.08 0.04 -0.17
局長 0.06 0.07 0.04 0.01 0.04
指示 0.06 0.07 0.04 0.01 0.04
健走 -0.03 0.07 0.03 -0.01 -0.05
閣樓 -0.01 -0.02 0.04 0.06 -0.15
銷售量 0.00 0.00 0.00 0.00 0.00
ㄏ 0.01 0.02 0.00 -0.04 0.04
