不妨 -0.08 -0.12 -0.11 -0.07 0.01
不計 -0.08 -0.12 -0.11 -0.07 0.01
四十 -0.03 0.05 -0.03 -0.02 -0.06
至 0.00 0.06 0.04 0.08 -0.04
封 0.00 0.00 0.00 0.00 0.00
愛 0.25 -0.02 0.03 -0.10 0.17
獨處 0.08 0.00 0.02 -0.02 0.02
幻想 0.00 0.00 -0.01 -0.07 -0.01
兇 -0.03 -0.33 -0.31 -0.31 0.14
抑鬱 0.00 -0.37 -0.15 -0.16 0.07
美好 0.10 0.09 0.01 -0.07 0.11
振奮 0.10 0.00 0.01 -0.04 0.06
衰老 0.00 -0.25 -0.15 -0.17 0.08
甜甜 0.10 0.00 0.01 -0.04 0.06
悲慘 0.00 -0.37 -0.15 -0.16 0.07
體面 0.10 0.00 0.01 -0.04 0.06
取締 -0.06 0.00 -0.04 -0.08 0.06
裡面 -0.01 0.02 0.04 -0.01 -0.05
巧克力色 0.00 0.00 0.00 0.00 0.00
盲目 0.00 0.09 0.00 -0.03 0.05
內臟 -0.05 -0.04 -0.04 -0.04 0.02
腳病 0.00 0.00 0.00 0.00 0.00
出生 -0.02 0.02 0.07 0.09 -0.15
增長 0.00 0.00 0.00 0.00 0.00
折合 0.06 0.07 0.04 0.01 0.04
國中生 0.06 0.07 0.04 0.01 0.04
苟延殘喘 0.03 0.01 -0.01 0.02 -0.07
舉重 -0.03 0.07 0.03 -0.01 -0.05
地主 -0.01 -0.02 0.04 0.06 -0.15
