一段 0.00 0.00 0.00 0.00 0.00
那 0.04 -0.11 0.05 -0.03 -0.04
根 0.00 0.00 0.00 0.00 0.00
無顏 -0.08 -0.12 -0.11 -0.07 0.01
顯然 0.02 -0.03 0.01 -0.02 0.06
來到 0.03 -0.01 0.05 0.03 -0.13
居民 0.11 -0.04 0.03 -0.04 -0.09
辯解 0.08 0.00 0.02 -0.02 0.02
天才 0.10 0.00 0.01 -0.04 0.06
妨害 -0.01 -0.39 -0.12 -0.12 0.04
完善 0.15 -0.02 0.01 -0.04 0.05
炫耀 0.00 -0.25 -0.15 -0.17 0.08
值錢 0.10 0.00 0.01 -0.04 0.06
明顯 0.02 -0.03 0.01 -0.02 0.06
皆 0.01 -0.03 0.01 -0.02 -0.01
暫時 -0.11 -0.01 0.02 -0.03 -0.08
大喊 -0.03 0.00 -0.01 -0.04 0.04
堵塞 0.00 0.00 0.00 0.00 0.00
煮菜 -0.03 0.07 0.03 -0.01 -0.05
飯店 -0.03 0.07 0.03 -0.01 -0.05
嚥 0.00 0.00 0.00 0.00 0.00
藥房 0.00 0.00 0.00 0.00 0.00
分開 -0.02 0.05 0.03 0.01 -0.04
依序 -0.02 0.02 0.07 0.09 -0.15
穿過 0.01 0.04 0.08 0.04 -0.17
偏遠 -0.02 0.05 0.03 0.01 -0.04
仲介 0.06 0.07 0.04 0.01 0.04
專業 0.09 0.08 0.03 0.03 -0.03
便服 -0.03 0.07 0.03 -0.01 -0.05
電視 -0.04 0.05 0.07 0.05 -0.20
破產 0.00 0.00 0.00 0.00 0.00
猶太 0.00 0.03 0.00 -0.06 0.07
