不茍 -0.08 -0.12 -0.11 -0.07 0.01
內 -0.01 0.02 0.04 -0.01 -0.05
多量 0.00 0.00 0.00 0.00 0.00
往後 0.00 0.00 0.00 0.00 0.00
所有 0.00 0.00 0.00 0.00 0.00
將來 -0.04 0.03 0.09 0.16 -0.19
最後 0.00 -0.01 0.08 0.07 -0.09
無異 -0.08 -0.12 -0.11 -0.07 0.01
經由 0.00 0.06 0.04 0.08 -0.04
工作 0.09 0.08 0.03 0.03 -0.03
出版 0.06 0.07 0.04 0.01 0.04
忘 -0.06 0.00 -0.04 -0.08 0.06
表現 0.03 0.01 -0.01 0.02 -0.07
感覺 -0.10 -0.16 -0.02 -0.11 0.05
社團 0.14 -0.04 0.04 -0.01 -0.10
提議 0.08 0.00 0.02 -0.02 0.02
說長道短 0.08 -0.25 -0.13 -0.19 0.10
安寧 0.10 0.00 0.01 -0.04 0.06
死期 -0.02 -0.29 -0.17 -0.23 0.13
放鬆 0.07 0.07 0.04 -0.05 0.01
美妙 0.10 0.00 0.01 -0.04 0.06
掛念 -0.01 -0.39 -0.12 -0.12 0.04
企圖 0.01 -0.04 -0.03 -0.08 -0.10
阻抗 -0.06 0.00 -0.04 -0.08 0.06
護士 0.00 0.00 0.00 0.00 0.00
中旬 -0.02 0.02 0.07 0.09 -0.15
越 -0.02 0.05 0.03 0.01 -0.04
兼併 0.06 0.07 0.04 0.01 0.04
房子 -0.01 -0.02 0.04 0.06 -0.15
收益 0.00 0.00 0.00 0.00 0.00
