九 -0.03 0.05 -0.03 -0.02 -0.06
不會 -0.11 -0.14 -0.13 -0.13 0.03
裡 -0.01 0.02 0.04 -0.01 -0.05
蕩婦 0.03 -0.35 -0.45 -0.46 0.31
公共 0.08 0.00 0.02 -0.02 0.02
姪 0.13 -0.05 0.11 0.02 -0.05
狠心 -0.03 -0.33 -0.31 -0.31 0.14
貧窮 0.00 -0.25 -0.15 -0.17 0.08
最佳 0.13 0.01 0.00 -0.02 -0.01
嫩 0.03 -0.07 -0.04 -0.06 0.04
優 0.10 0.00 0.01 -0.04 0.06
驚心 -0.01 -0.39 -0.12 -0.12 0.04
抵抗 -0.06 0.00 -0.04 -0.08 0.06
封住 -0.06 0.00 -0.04 -0.08 0.06
相關 0.01 -0.03 0.01 -0.02 -0.01
失重 -0.01 -0.09 0.04 0.02 -0.04
白 0.00 0.09 0.00 -0.03 0.05
看起來 0.00 0.09 0.00 -0.03 0.05
尿道 -0.05 -0.04 -0.04 -0.04 0.02
流產 0.07 -0.02 0.00 -0.04 0.09
腹瀉 0.00 0.00 0.00 0.00 0.00
繃帶 0.00 0.00 0.00 0.00 0.00
地面 -0.02 0.05 0.03 0.01 -0.04
國際 -0.02 0.05 0.03 0.01 -0.04
接到 0.03 -0.01 0.05 0.03 -0.13
深處 -0.02 0.05 0.03 0.01 -0.04
媒介 0.00 0.00 0.00 0.00 0.00
菜鳥 0.04 0.09 0.11 0.10 -0.11
輟學 0.09 0.08 0.03 0.03 -0.03
賺得 0.06 0.07 0.04 0.01 0.04
律儀 0.00 0.03 0.00 -0.06 0.07
僧侶 0.00 0.03 0.00 -0.06 0.07
處死 -0.02 -0.04 -0.02 -0.06 0.05
