不賴 -0.08 -0.12 -0.11 -0.07 0.01
如同 0.00 0.06 0.04 0.08 -0.04
曾 -0.02 0.02 0.07 0.09 -0.15
最終 0.01 0.03 0.06 0.11 -0.22
當初 0.00 0.00 0.00 0.00 0.00
朋友 0.24 -0.04 0.05 -0.05 -0.04
異母 0.13 -0.05 0.11 0.02 -0.05
叛亂 -0.03 -0.33 -0.31 -0.31 0.14
缺德 -0.03 -0.33 -0.31 -0.31 0.14
貪求 0.00 -0.25 -0.15 -0.17 0.08
陰沉 0.00 -0.37 -0.15 -0.16 0.07
糟糕 -0.01 -0.39 -0.12 -0.12 0.04
纏繞 -0.06 0.00 -0.04 -0.08 0.06
黑色 0.00 0.09 0.00 -0.03 0.05
鳴 -0.03 0.00 -0.01 -0.04 0.04
無痛 0.00 0.00 0.00 0.00 0.00
腿 -0.05 -0.04 -0.04 -0.04 0.02
中心 -0.02 0.05 0.03 0.01 -0.04
內部 -0.02 0.05 0.03 0.01 -0.04
年度 -0.02 0.02 0.07 0.09 -0.15
室 -0.03 0.03 0.07 0.07 -0.19
任命 0.03 0.01 -0.01 0.02 -0.07
投球 -0.03 0.07 0.03 -0.01 -0.05
壟斷 0.00 0.00 0.00 0.00 0.00
