七百 -0.03 0.05 -0.03 -0.02 -0.06
不 -0.12 -0.12 -0.15 -0.14 0.10
不早 -0.08 -0.12 -0.11 -0.07 0.01
不疑 -0.08 -0.12 -0.11 -0.07 0.01
無 -0.12 -0.12 -0.15 -0.14 0.10
愚蠢 -0.04 -0.33 -0.45 -0.42 0.22
嘲諷 0.05 -0.33 -0.29 -0.33 0.16
大膽 0.10 0.00 0.01 -0.04 0.06
危 -0.01 -0.39 -0.12 -0.12 0.04
保證 0.15 0.06 0.04 -0.07 0.20
品行 0.10 0.00 0.01 -0.04 0.06
強姦 0.04 -0.35 -0.31 -0.35 0.23
蠢 -0.03 -0.33 -0.31 -0.31 0.14
髒 0.00 -0.25 -0.15 -0.17 0.08
驚嘆 0.03 -0.07 -0.04 -0.06 0.04
去除 -0.04 0.00 -0.04 -0.07 0.09
重建 -0.04 -0.03 -0.02 -0.09 0.07
童貞 0.07 -0.02 0.00 -0.04 0.09
麵食 0.00 0.00 0.00 0.00 0.00
顱 -0.05 -0.04 -0.04 -0.04 0.02
北 -0.02 0.05 0.03 0.01 -0.04
星期 -0.02 0.02 0.07 0.09 -0.15
重疊 -0.02 0.05 0.03 0.01 -0.04
開闢 -0.02 0.05 0.03 0.01 -0.04
雇用 0.06 0.07 0.04 0.01 0.04
聯絡處 0.06 0.07 0.04 0.01 0.04
達人 0.03 0.01 -0.01 0.02 -0.07
容易 -0.03 0.07 0.03 -0.01 -0.05
天井 -0.01 -0.02 0.04 0.06 -0.15
財產 0.00 0.00 0.00 0.00 0.00
阿們 0.00 0.03 0.00 -0.06 0.07
