吧 0.00 0.00 0.00 0.00 0.00
底 -0.08 0.05 -0.01 -0.07 0.02
原先 0.00 0.00 0.00 0.00 0.00
除 0.00 0.06 0.04 0.08 -0.04
幢 0.00 0.00 0.00 0.00 0.00
混蛋 -0.04 -0.33 -0.45 -0.42 0.22
分手 0.03 -0.07 -0.04 -0.06 0.04
出色 0.10 0.00 0.01 -0.04 0.06
衰弱 0.00 -0.25 -0.15 -0.17 0.08
堅強 0.13 0.01 0.00 -0.02 -0.01
分別 -0.05 0.03 0.13 0.04 -0.25
萬無一失 0.02 -0.03 0.01 -0.02 0.06
凝固 -0.06 0.00 -0.04 -0.08 0.06
注視 0.00 0.09 0.00 -0.03 0.05
鳴聲 -0.01 -0.09 0.04 0.02 -0.04
沙拉 0.00 0.00 0.00 0.00 0.00
痘 0.00 0.00 0.00 0.00 0.00
方位 -0.02 0.05 0.03 0.01 -0.04
走過 0.03 -0.01 0.05 0.03 -0.13
企業 0.06 0.07 0.04 0.01 0.04
鬼月 -0.02 -0.01 -0.02 -0.12 0.12
