別 -0.08 -0.12 -0.11 -0.07 0.01
近日 0.00 0.00 0.00 0.00 0.00
根據 -0.02 0.01 0.02 -0.02 -0.07
番 0.00 0.00 0.00 0.00 0.00
抗議 0.05 -0.33 -0.29 -0.33 0.16
表哥 0.13 -0.05 0.11 0.02 -0.05
詳述 0.08 0.00 0.02 -0.02 0.02
好運 0.10 0.00 0.01 -0.04 0.06
和藹 0.10 0.00 0.01 -0.04 0.06
孤 0.00 -0.37 -0.15 -0.16 0.07
信奉 0.12 0.00 0.02 -0.12 0.19
尊敬 0.10 0.00 0.01 -0.04 0.06
損傷 -0.03 -0.33 -0.31 -0.31 0.14
魅力 0.10 0.00 0.01 -0.04 0.06
靈敏 0.10 0.00 0.01 -0.04 0.06
每人 0.06 -0.04 0.04 0.02 0.03
幽禁 -0.06 0.00 -0.04 -0.08 0.06
停住 -0.05 0.01 0.08 0.04 -0.22
模稜兩可 -0.09 -0.03 -0.05 -0.12 0.07
味道 0.00 0.00 0.00 0.00 0.00
上菜 0.00 0.00 0.00 0.00 0.00
汗 -0.05 -0.04 -0.04 -0.04 0.02
疱疹 0.00 0.00 0.00 0.00 0.00
茶 0.00 0.00 0.00 0.00 0.00
陽物 0.02 -0.06 -0.04 -0.08 0.11
腳趾 -0.05 -0.04 -0.04 -0.04 0.02
糖 0.00 0.00 0.00 0.00 0.00
後面 -0.02 0.05 0.03 0.01 -0.04
抵押 0.05 0.05 0.08 0.07 -0.11
登峰造極 0.03 0.01 -0.01 0.02 -0.07
錢幣 0.00 0.00 0.00 0.00 0.00
自殺 -0.02 -0.04 -0.02 -0.06 0.05
