一般而言 0.00 0.00 0.00 0.00 0.00
不只 -0.08 -0.12 -0.11 -0.07 0.01
別人 0.07 -0.12 0.04 0.02 -0.06
這時 0.00 -0.12 -0.01 -0.03 -0.09
無足輕重 -0.08 -0.49 -0.26 -0.23 0.08
無疑 -0.06 -0.15 -0.10 -0.09 0.07
無數 0.00 0.00 0.00 0.00 0.00
難以 -0.08 -0.12 -0.11 -0.07 0.01
同情 0.18 0.00 0.03 -0.06 0.08
回應 0.04 -0.03 0.00 -0.11 0.09
個人 0.12 -0.02 -0.01 -0.10 0.06
忍 0.00 -0.25 -0.15 -0.17 0.08
長處 0.13 0.01 0.00 -0.02 -0.01
看不起 -0.03 -0.33 -0.31 -0.31 0.14
疲倦 0.00 -0.25 -0.15 -0.17 0.08
傷感 0.00 -0.37 -0.15 -0.16 0.07
頭昏 0.03 -0.07 -0.04 -0.06 0.04
優良 0.10 0.00 0.01 -0.04 0.06
艱苦 0.00 -0.25 -0.15 -0.17 0.08
懲治 -0.06 0.00 -0.04 -0.08 0.06
甲狀腺 0.00 0.00 0.00 0.00 0.00
身體 -0.05 -0.04 -0.04 -0.04 0.02
昏眩 0.00 0.00 0.00 0.00 0.00
果實 0.00 0.00 0.00 0.00 0.00
肥胖症 0.00 0.00 0.00 0.00 0.00
勃起 0.02 -0.06 -0.04 -0.08 0.11
宴 0.00 0.00 0.00 0.00 0.00
安裝 0.03 -0.01 0.05 0.03 -0.13
最初 -0.02 0.02 0.07 0.09 -0.15
誕生 -0.02 0.02 0.07 0.09 -0.15
勞動 0.06 0.07 0.04 0.01 0.04
