五萬 -0.03 0.05 -0.03 -0.02 -0.06
止 0.00 0.00 0.00 0.00 0.00
他們 0.15 -0.12 0.06 0.00 -0.04
事 0.07 -0.12 0.04 0.02 -0.06
事情 0.07 -0.12 0.04 0.02 -0.06
除此之外 -0.03 0.04 0.02 0.02 -0.02
隻 0.00 0.00 0.00 0.00 0.00
點 -0.02 0.05 0.03 0.01 -0.04
引起 -0.03 -0.06 -0.02 -0.13 0.02
在乎 0.00 0.00 0.00 0.00 0.00
軍隊 0.08 0.00 0.02 -0.02 0.02
甜心 0.24 -0.04 0.05 -0.05 -0.04
謠言 0.08 0.00 0.02 -0.02 0.02
毀滅 -0.05 -0.37 -0.33 -0.37 0.19
報應 -0.02 -0.02 -0.02 -0.16 0.04
選擇 -0.10 -0.04 -0.05 -0.15 0.12
靈光 -0.04 -0.03 -0.02 -0.09 0.07
耳語 -0.03 0.00 -0.01 -0.04 0.04
鮮豔 0.00 0.09 0.00 -0.03 0.05
劑 0.00 0.00 0.00 0.00 0.00
季節 -0.02 0.02 0.07 0.09 -0.15
旁邊 -0.02 0.05 0.03 0.01 -0.04
遙遠 -0.02 0.05 0.03 0.01 -0.04
壞掉 -0.02 0.02 0.07 0.09 -0.15
特派員 0.06 0.07 0.04 0.01 0.04
資金 0.06 0.07 0.04 0.01 0.04
資遣 0.06 0.07 0.04 0.01 0.04
諮商 0.06 0.07 0.04 0.01 0.04
馬拉松 -0.03 0.07 0.03 -0.01 -0.05
頭彩 0.00 0.00 0.00 0.00 0.00
佛珠 0.00 0.03 0.00 -0.06 0.07
紙錢 0.00 0.03 0.00 -0.06 0.07
廟 0.00 0.03 0.00 -0.06 0.07
