也許 -0.09 -0.03 -0.05 -0.12 0.07
不勝 -0.08 -0.12 -0.11 -0.07 0.01
否則 -0.04 0.00 -0.04 -0.07 0.09
把 0.00 0.06 0.04 0.08 -0.04
往 0.01 0.10 0.12 0.12 -0.21
剛才 -0.02 0.02 0.07 0.09 -0.15
圈 0.00 0.00 0.00 0.00 0.00
當然 0.03 -0.01 0.01 -0.06 0.10
走路 0.03 -0.01 0.05 0.03 -0.13
大人 0.12 -0.02 -0.01 -0.10 0.06
女子 0.12 -0.02 -0.01 -0.10 0.06
表明 0.04 -0.03 0.00 -0.11 0.09
馬子 0.14 -0.04 0.04 -0.01 -0.10
道歉 0.08 0.00 0.02 -0.02 0.02
思 -0.01 -0.10 -0.06 -0.15 0.11
萬歲 0.10 0.00 0.01 -0.04 0.06
疑心 -0.01 -0.39 -0.12 -0.12 0.04
樂而 0.10 0.00 0.01 -0.04 0.06
積極 0.10 0.00 0.01 -0.04 0.06
決意 -0.04 -0.03 -0.02 -0.09 0.07
純 0.02 -0.03 0.01 -0.02 0.06
訊息 -0.03 -0.02 -0.02 -0.06 0.02
烤 -0.01 -0.02 0.04 0.06 -0.15
結腸 -0.05 -0.04 -0.04 -0.04 0.02
雜貨店 0.00 0.00 0.00 0.00 0.00
雞尾酒 -0.03 0.07 0.03 -0.01 -0.05
上校 0.06 0.07 0.04 0.01 0.04
玩物 -0.03 0.07 0.03 -0.01 -0.05
