只是 -0.04 0.00 -0.04 -0.07 0.09
本 0.00 0.00 0.00 0.00 0.00
筆 0.06 0.07 0.04 0.01 0.04
畜生 -0.01 0.00 -0.14 -0.11 0.08
面談 0.14 0.07 0.06 -0.01 0.06
商議 0.08 0.00 0.02 -0.02 0.02
說起 0.08 0.00 0.02 -0.02 0.02
毒 0.00 -0.25 -0.15 -0.17 0.08
苦 0.00 -0.37 -0.15 -0.16 0.07
負心 0.00 -0.25 -0.15 -0.17 0.08
義憤 -0.03 -0.33 -0.31 -0.31 0.14
嘆氣 0.00 -0.25 -0.15 -0.17 0.08
依從 -0.03 -0.02 -0.02 -0.06 0.02
發明 0.01 -0.04 -0.03 -0.08 -0.10
私語 -0.03 0.00 -0.01 -0.04 0.04
嗅覺 0.00 0.00 0.00 0.00 0.00
保險套 0.07 -0.02 0.00 -0.04 0.09
工資 0.06 0.07 0.04 0.01 0.04
概述 0.06 0.07 0.04 0.01 0.04
酒店 -0.03 0.07 0.03 -0.01 -0.05
窩 -0.01 -0.02 0.04 0.06 -0.15
樓頂 -0.01 -0.02 0.04 0.06 -0.15
業力 0.00 0.03 0.00 -0.06 0.07
服喪 -0.02 -0.04 -0.02 -0.06 0.05
家祭 -0.02 -0.04 -0.02 -0.06 0.05
