不分 -0.08 -0.12 -0.11 -0.07 0.01
不惜 -0.08 -0.12 -0.11 -0.07 0.01
四億 -0.03 0.05 -0.03 -0.02 -0.06
向 0.01 0.10 0.12 0.12 -0.21
此 0.07 -0.12 0.04 0.02 -0.06
的確 0.02 -0.03 0.01 -0.02 0.06
這裡 0.00 0.00 0.00 0.00 0.00
吃 0.00 0.00 0.00 0.00 0.00
變更 -0.05 -0.07 0.00 -0.13 -0.11
丈夫 0.13 -0.05 0.11 0.02 -0.05
描繪 0.08 0.00 0.02 -0.02 0.02
失控 -0.01 -0.39 -0.12 -0.12 0.04
美德 0.10 0.00 0.01 -0.04 0.06
臭氣 0.00 -0.25 -0.15 -0.17 0.08
眼花繚亂 0.03 -0.07 -0.04 -0.06 0.04
悲憫 0.00 -0.37 -0.15 -0.16 0.07
鎮定 0.10 0.00 0.01 -0.04 0.06
找出 -0.04 -0.03 -0.02 -0.09 0.07
附帶 0.01 -0.03 0.01 -0.02 -0.01
假定 -0.10 -0.04 -0.05 -0.15 0.12
評估 -0.04 -0.03 -0.02 -0.09 0.07
議題 -0.03 -0.02 -0.02 -0.06 0.02
金黃 0.00 0.09 0.00 -0.03 0.05
藍色 0.00 0.09 0.00 -0.03 0.05
打嗝 0.00 0.00 0.00 0.00 0.00
偏頭痛 0.00 0.00 0.00 0.00 0.00
滋養 0.00 0.00 0.00 0.00 0.00
薯條 0.00 0.00 0.00 0.00 0.00
廣泛 -0.02 0.05 0.03 0.01 -0.04
橫跨 -0.02 0.05 0.03 0.01 -0.04
學姊 0.06 0.07 0.04 0.01 0.04
打屁 -0.03 0.07 0.03 -0.01 -0.05
夜店 -0.03 0.07 0.03 -0.01 -0.05
朗讀 -0.03 0.07 0.03 -0.01 -0.05
帳 0.00 0.00 0.00 0.00 0.00
