不中 -0.08 -0.12 -0.11 -0.07 0.01
不平 -0.12 -0.54 -0.38 -0.36 0.11
今後 -0.02 0.01 0.02 0.07 -0.04
剛 -0.02 0.02 0.07 0.09 -0.15
家 -0.01 -0.02 0.04 0.06 -0.15
當前 -0.02 -0.10 0.06 0.06 -0.24
背 0.00 0.00 0.00 0.00 0.00
去你的 -0.01 0.00 -0.14 -0.11 0.08
放心 0.15 0.07 0.06 -0.07 0.03
前任 0.13 -0.05 0.11 0.02 -0.05
元兇 0.00 -0.25 -0.15 -0.17 0.08
百感交集 0.03 -0.07 -0.04 -0.06 0.04
美人 0.10 0.09 0.01 -0.07 0.11
負擔 0.00 -0.25 -0.15 -0.17 0.08
羞憤 -0.03 -0.33 -0.31 -0.31 0.14
提防 -0.06 -0.25 -0.19 -0.25 0.14
慶功 0.13 0.01 0.00 -0.02 -0.01
清醒 -0.04 -0.03 -0.02 -0.09 0.07
毛茸茸 -0.01 -0.09 0.04 0.02 -0.04
舐 0.00 0.00 0.00 0.00 0.00
淺色 0.00 0.09 0.00 -0.03 0.05
紫紅色 0.00 0.09 0.00 -0.03 0.05
頭暈 0.00 0.00 0.00 0.00 0.00
毛髮 -0.05 -0.04 -0.04 -0.04 0.02
苗條 -0.05 -0.04 -0.04 -0.04 0.02
悸動 0.00 0.00 0.00 0.00 0.00
種馬 0.07 -0.02 0.00 -0.04 0.09
亙古 -0.02 0.02 0.07 0.09 -0.15
年幼 -0.02 0.02 0.07 0.09 -0.15
直 -0.02 0.05 0.03 0.01 -0.04
速率 -0.02 0.02 0.07 0.09 -0.15
裝進 -0.02 0.05 0.03 0.01 -0.04
促銷 0.09 0.08 0.03 0.03 -0.03
學長 0.06 0.07 0.04 0.01 0.04
美金 0.00 0.00 0.00 0.00 0.00
首獎 0.00 0.00 0.00 0.00 0.00
傳教 0.00 0.03 0.00 -0.06 0.07
