不支 -0.08 -0.12 -0.11 -0.07 0.01
每 0.00 0.00 0.00 0.00 0.00
或 -0.09 -0.03 -0.05 -0.12 0.07
促使 0.01 -0.06 0.03 -0.07 -0.16
忠告 0.08 0.00 0.02 -0.02 0.02
嘲弄 0.05 -0.33 -0.29 -0.33 0.16
離婚 0.08 -0.25 -0.13 -0.19 0.10
贊許 0.11 0.01 0.01 0.00 -0.05
世仇 -0.03 -0.33 -0.31 -0.31 0.14
侵擾 0.00 -0.25 -0.15 -0.17 0.08
俗 0.00 -0.25 -0.15 -0.17 0.08
思念 0.10 0.00 0.01 -0.04 0.06
致命 -0.02 -0.29 -0.17 -0.23 0.13
榮幸 0.13 0.01 0.00 -0.02 -0.01
掌控 -0.06 0.00 -0.04 -0.08 0.06
意會 -0.04 -0.03 -0.02 -0.09 0.07
大吼 -0.03 0.00 -0.01 -0.04 0.04
好吃 0.00 0.00 0.00 0.00 0.00
低溫 0.00 0.00 0.00 0.00 0.00
咖啡 -0.03 0.07 0.03 -0.01 -0.05
憂鬱症 0.00 0.00 0.00 0.00 0.00
纖細 -0.05 -0.04 -0.04 -0.04 0.02
地區 -0.02 0.05 0.03 0.01 -0.04
協作 0.06 0.07 0.04 0.01 0.04
佈置 -0.03 0.07 0.03 -0.01 -0.05
雜誌 -0.03 0.07 0.03 -0.01 -0.05
兌換 0.00 0.00 0.00 0.00 0.00
儲蓄 0.00 0.00 0.00 0.00 0.00
