任一 -0.09 -0.03 -0.05 -0.12 0.07
全部 0.00 0.02 0.04 -0.01 0.02
而 0.00 0.00 0.00 0.00 0.00
兩者 0.01 -0.03 0.01 -0.02 -0.01
艘 0.00 0.00 0.00 0.00 0.00
看見 0.00 0.09 0.00 -0.03 0.05
寄 0.11 -0.01 0.07 0.01 -0.11
愛好 0.10 0.00 0.01 -0.04 0.06
說話 0.05 0.00 0.01 -0.06 0.06
柔腸寸斷 0.00 -0.37 -0.15 -0.16 0.07
強烈 0.03 -0.07 -0.04 -0.06 0.04
疑慮 -0.11 -0.43 -0.17 -0.27 0.16
調戲 0.00 -0.25 -0.15 -0.17 0.08
親和 0.10 0.00 0.01 -0.04 0.06
辯駁 -0.04 -0.03 -0.02 -0.09 0.07
響亮 -0.03 0.00 -0.01 -0.04 0.04
份量 0.00 0.00 0.00 0.00 0.00
服藥 0.00 0.00 0.00 0.00 0.00
脊柱 -0.05 -0.04 -0.04 -0.04 0.02
趾 -0.05 -0.04 -0.04 -0.04 0.02
鎮痛 0.00 0.00 0.00 0.00 0.00
空間 -0.03 0.03 0.07 0.07 -0.19
起程 0.03 -0.01 0.05 0.03 -0.13
晚上 -0.02 0.02 0.07 0.09 -0.15
細小 -0.02 0.05 0.03 0.01 -0.04
連接 -0.02 0.05 0.03 0.01 -0.04
新進 -0.02 0.02 0.07 0.09 -0.15
漫遊 0.03 -0.01 0.05 0.03 -0.13
可蘭經 0.00 0.03 0.00 -0.06 0.07
殯 -0.02 -0.04 -0.02 -0.06 0.05
