一方面 0.00 0.00 0.00 0.00 0.00
三千 -0.03 0.05 -0.03 -0.02 -0.06
不理 -0.14 -0.12 -0.15 -0.15 0.07
度 0.00 0.00 0.00 0.00 0.00
倍 0.00 0.00 0.00 0.00 0.00
稍微 -0.09 -0.03 -0.05 -0.12 0.07
號 0.00 0.00 0.00 0.00 0.00
種種 0.00 0.00 0.00 0.00 0.00
損失 0.00 -0.44 -0.32 -0.28 0.06
女權 0.12 -0.02 -0.01 -0.10 0.06
回覆 0.08 0.00 0.02 -0.02 0.02
提及 0.04 -0.03 0.00 -0.11 0.09
換帖 0.14 -0.04 0.04 -0.01 -0.10
諂媚 0.11 -0.07 -0.02 -0.08 0.06
親切 0.18 0.00 0.03 -0.06 0.08
傷痕 0.00 -0.37 -0.15 -0.16 0.07
撒謊 -0.03 -0.33 -0.31 -0.31 0.14
優點 0.13 0.01 0.00 -0.02 -0.01
何以 -0.02 -0.05 -0.02 -0.10 -0.03
設計 0.00 -0.01 -0.03 -0.04 -0.05
選 -0.10 -0.04 -0.05 -0.15 0.12
避諱 -0.06 0.00 -0.04 -0.08 0.06
嘶嘶 0.00 0.00 0.00 0.00 0.00
口渴 -0.05 -0.04 -0.04 -0.04 0.02
同性戀 0.07 -0.02 0.00 -0.04 0.09
吸收 0.00 0.00 0.00 0.00 0.00
開藥 0.00 0.00 0.00 0.00 0.00
體力 -0.05 -0.04 -0.04 -0.04 0.02
春季 -0.02 0.02 0.07 0.09 -0.15
衝破 0.03 -0.01 0.05 0.03 -0.13
招募 0.06 0.07 0.04 0.01 0.04
課程 0.06 0.07 0.04 0.01 0.04
墊子 -0.01 -0.02 0.04 0.06 -0.15
金剛經 0.00 0.03 0.00 -0.06 0.07
