七 -0.03 0.05 -0.03 -0.02 -0.06
沒心 -0.08 -0.12 -0.11 -0.07 0.01
嘻嘻 0.10 0.00 0.01 -0.04 0.06
了解 0.05 -0.01 0.00 -0.15 0.13
人身 0.08 0.00 0.02 -0.02 0.02
秘密 0.02 0.00 -0.02 -0.10 0.08
利潤 0.16 0.07 0.05 -0.03 0.10
拷打 -0.03 -0.33 -0.31 -0.31 0.14
偽造 0.00 -0.25 -0.15 -0.17 0.08
貧苦 0.00 -0.25 -0.15 -0.17 0.08
悲苦 0.00 -0.37 -0.15 -0.16 0.07
惡言 -0.03 -0.33 -0.31 -0.31 0.14
誤解 -0.04 -0.28 -0.17 -0.26 0.15
心思 -0.04 -0.03 -0.02 -0.09 0.07
解析 -0.04 -0.03 -0.02 -0.09 0.07
聲明 -0.04 -0.03 -0.02 -0.09 0.07
歸類 -0.04 -0.03 -0.02 -0.09 0.07
發聲 -0.03 0.00 -0.01 -0.04 0.04
肛交 0.07 -0.02 0.00 -0.04 0.09
腸 -0.05 -0.04 -0.04 -0.04 0.02
過敏原 0.00 0.00 0.00 0.00 0.00
墮胎 0.07 -0.02 0.00 -0.04 0.09
滄海桑田 -0.02 0.02 0.07 0.09 -0.15
蹲 0.00 0.00 0.00 0.00 0.00
編輯 0.06 0.07 0.04 0.01 0.04
日光浴 -0.03 0.07 0.03 -0.01 -0.05
