大 -0.02 0.05 0.03 0.01 -0.04
和 0.01 0.03 0.05 0.06 -0.05
帶來 0.03 -0.01 0.05 0.03 -0.13
爸 0.13 -0.05 0.11 0.02 -0.05
歡聚 0.15 0.07 0.06 -0.07 0.03
和善 0.10 0.00 0.01 -0.04 0.06
挫敗 0.06 -0.31 -0.14 -0.19 0.06
消滅 -0.05 -0.37 -0.33 -0.37 0.19
深愛 0.10 0.00 0.01 -0.04 0.06
清楚 0.12 -0.03 0.02 -0.06 0.12
喜慶 0.10 0.00 0.01 -0.04 0.06
寵愛 0.10 0.00 0.01 -0.04 0.06
阻檔 -0.06 0.00 -0.04 -0.08 0.06
視而 0.00 0.09 0.00 -0.03 0.05
嗓子 -0.03 0.00 -0.01 -0.04 0.04
鼻 -0.05 -0.04 -0.04 -0.04 0.02
樂音 -0.06 0.07 0.02 -0.05 -0.01
快餐 0.00 0.00 0.00 0.00 0.00
炸 0.00 0.00 0.00 0.00 0.00
排骨 -0.05 -0.04 -0.04 -0.04 0.02
一下子 -0.02 0.02 0.07 0.09 -0.15
外側 -0.02 0.05 0.03 0.01 -0.04
重回 -0.02 0.02 0.07 0.09 -0.15
源於 -0.02 0.02 0.07 0.09 -0.15
宣誓 0.06 0.07 0.04 0.01 0.04
辯護人 0.06 0.07 0.04 0.01 0.04
決策者 0.03 0.01 -0.01 0.02 -0.07
勳章 0.03 0.01 -0.01 0.02 -0.07
彩券 0.00 0.00 0.00 0.00 0.00
賠償 0.00 0.00 0.00 0.00 0.00
簽證 0.00 0.00 0.00 0.00 0.00
主教 0.00 0.03 0.00 -0.06 0.07
信眾 0.00 0.03 0.00 -0.06 0.07
