分鐘 -0.02 0.02 0.07 0.09 -0.15
各 0.01 -0.03 0.01 -0.02 -0.01
好 0.11 0.02 0.01 -0.08 0.10
束 -0.06 0.00 -0.04 -0.08 0.06
於 0.00 0.06 0.04 0.08 -0.04
肯 0.00 0.00 0.00 0.00 0.00
近來 -0.02 0.02 0.07 0.09 -0.15
按照 0.00 0.06 0.04 0.08 -0.04
第 -0.03 0.05 -0.03 -0.02 -0.06
雙方 0.00 0.00 0.00 0.00 0.00
理解 -0.04 -0.03 -0.02 -0.09 0.07
點頭之交 0.14 -0.04 0.04 -0.01 -0.10
吃醋 -0.03 -0.33 -0.31 -0.31 0.14
屁眼 -0.03 -0.33 -0.31 -0.31 0.14
膽小 -0.01 -0.39 -0.12 -0.12 0.04
未定 -0.09 -0.03 -0.05 -0.12 0.07
重現 -0.04 -0.03 -0.02 -0.09 0.07
消除 -0.01 -0.01 0.01 -0.04 -0.04
言論 -0.03 0.00 -0.01 -0.04 0.04
激烈 0.00 0.00 0.00 0.00 0.00
吐血 0.00 0.00 0.00 0.00 0.00
搖擺 0.03 -0.01 0.05 0.03 -0.13
舞臺 -0.02 0.05 0.03 0.01 -0.04
環境 -0.02 0.05 0.03 0.01 -0.04
司 0.06 0.07 0.04 0.01 0.04
政治 0.06 0.07 0.04 0.01 0.04
校園 0.06 0.07 0.04 0.01 0.04
處長 0.06 0.07 0.04 0.01 0.04
狩獵 -0.03 0.07 0.03 -0.01 -0.05
冰箱 -0.01 -0.02 0.04 0.06 -0.15
拜佛 0.00 0.03 0.00 -0.06 0.07
