不切實際 -0.08 -0.12 -0.11 -0.07 0.01
不適 -0.09 -0.51 -0.23 -0.19 0.05
完全 0.02 -0.03 0.01 -0.02 0.06
級 0.00 0.00 0.00 0.00 0.00
無比 0.03 0.01 -0.01 0.02 -0.07
餘 0.00 0.00 0.00 0.00 0.00
整 0.00 0.00 0.00 0.00 0.00
收 0.00 0.00 0.00 0.00 0.00
潑婦 -0.01 0.00 -0.14 -0.11 0.08
內人 0.13 -0.05 0.11 0.02 -0.05
建議 0.08 0.00 0.02 -0.02 0.02
送信 0.08 0.00 0.02 -0.02 0.02
傳聞 -0.01 -0.03 -0.03 -0.14 0.09
怒目 -0.03 -0.24 -0.31 -0.34 0.19
怒罵 -0.03 -0.33 -0.31 -0.31 0.14
尊重 0.10 0.00 0.01 -0.04 0.06
滿意 0.06 -0.03 -0.01 -0.13 0.13
蹧蹋 0.00 -0.37 -0.15 -0.16 0.07
明確 0.02 -0.03 0.01 -0.02 0.06
故意 -0.04 -0.03 -0.02 -0.09 0.07
預防 -0.06 0.00 -0.04 -0.08 0.06
辨認 -0.04 -0.03 -0.02 -0.09 0.07
日光 0.00 0.09 0.00 -0.03 0.05
飄盪 0.00 0.00 0.00 0.00 0.00
赤裸 0.02 -0.06 -0.04 -0.08 0.11
足病 0.00 0.00 0.00 0.00 0.00
十月 -0.02 0.02 0.07 0.09 -0.15
拿走 0.03 -0.01 0.05 0.03 -0.13
可用 0.09 0.08 0.03 0.03 -0.03
婦女會 0.06 0.07 0.04 0.01 0.04
聘請 0.06 0.07 0.04 0.01 0.04
訂金 0.00 0.00 0.00 0.00 0.00
十字架 0.00 0.03 0.00 -0.06 0.07
平安夜 0.00 0.03 0.00 -0.06 0.07
宗教 0.00 0.03 0.00 -0.06 0.07
聖人 0.00 0.03 0.00 -0.06 0.07
講道 0.00 0.03 0.00 -0.06 0.07
大體 -0.02 -0.04 -0.02 -0.06 0.05
