不肖 -0.08 -0.12 -0.11 -0.07 0.01
不值 -0.08 -0.12 -0.11 -0.07 0.01
中 -0.01 -0.10 0.03 -0.04 -0.14
或是 0.00 0.00 0.00 0.00 0.00
針對 0.00 0.06 0.04 0.08 -0.04
生活 0.00 0.00 0.00 0.00 0.00
形容 0.00 0.00 0.00 0.00 0.00
呼喚 0.08 0.00 0.02 -0.02 0.02
死心 0.00 -0.25 -0.15 -0.17 0.08
假裝 -0.10 -0.29 -0.20 -0.32 0.20
偉大 0.10 0.00 0.01 -0.04 0.06
喪膽 0.00 -0.25 -0.15 -0.17 0.08
微醺 0.10 0.00 0.01 -0.04 0.06
煩人 -0.03 -0.33 -0.31 -0.31 0.14
精心 0.10 0.00 0.01 -0.04 0.06
憂鬱 0.00 -0.37 -0.15 -0.16 0.07
鋌而走險 -0.01 -0.39 -0.12 -0.12 0.04
欠缺 -0.03 -0.02 -0.02 -0.06 0.02
佔有 0.00 0.07 0.00 -0.07 0.10
記起 -0.04 -0.03 -0.02 -0.09 0.07
性高潮 0.02 -0.06 -0.04 -0.08 0.11
眩暈 0.00 0.00 0.00 0.00 0.00
骨 -0.05 -0.04 -0.04 -0.04 0.02
療法 0.00 0.00 0.00 0.00 0.00
疏遠 -0.02 0.05 0.03 0.01 -0.04
頒發 0.06 0.07 0.04 0.01 0.04
健行 -0.03 0.07 0.03 -0.01 -0.05
帳目 0.00 0.00 0.00 0.00 0.00
基督教 0.00 0.03 0.00 -0.06 0.07
傳教士 0.00 0.03 0.00 -0.06 0.07
枯 -0.02 -0.04 -0.02 -0.06 0.05
