上 0.01 0.04 0.08 0.04 -0.17
不全 -0.17 -0.15 -0.16 -0.19 0.08
咱們 0.15 -0.12 0.06 0.00 -0.04
假如 0.00 0.00 0.00 0.00 0.00
無須 -0.08 -0.12 -0.11 -0.07 0.01
稀少 -0.01 -0.09 0.04 0.02 -0.04
睡覺 -0.06 -0.06 0.00 0.02 -0.13
學習 0.02 0.04 0.02 -0.08 0.11
拒絕 0.02 -0.25 -0.17 -0.27 0.16
戀人 0.24 -0.04 0.05 -0.05 -0.04
泣 0.00 -0.37 -0.15 -0.16 0.07
玩笑 0.00 0.00 -0.01 -0.07 -0.01
累 0.00 -0.37 -0.15 -0.16 0.07
溫暖 0.09 -0.09 0.05 -0.02 0.02
嘆 0.00 -0.25 -0.15 -0.17 0.08
擁抱 0.16 -0.11 0.05 -0.06 0.11
默哀 -0.02 -0.41 -0.17 -0.22 0.12
煞車 -0.06 0.00 -0.04 -0.08 0.06
滑 0.03 -0.01 0.05 0.03 -0.13
碰觸 -0.01 -0.09 0.04 0.02 -0.04
免疫 0.00 0.00 0.00 0.00 0.00
尿 -0.05 -0.04 -0.04 -0.04 0.02
少許 0.00 0.00 0.00 0.00 0.00
季 -0.02 0.02 0.07 0.09 -0.15
起點 -0.02 0.02 0.07 0.09 -0.15
對角線 -0.02 0.05 0.03 0.01 -0.04
離去 0.01 0.04 0.08 0.04 -0.17
關 -0.02 0.05 0.03 0.01 -0.04
講座 0.06 0.07 0.04 0.01 0.04
住址 -0.01 -0.02 0.04 0.06 -0.15
施捨 0.00 0.00 0.00 0.00 0.00
善男信女 0.00 0.03 0.00 -0.06 0.07
齋戒 0.00 0.03 0.00 -0.06 0.07
祭文 -0.02 -0.04 -0.02 -0.06 0.05
