不錯 -0.07 -0.10 -0.11 -0.11 0.05
如何 -0.02 -0.05 -0.02 -0.10 -0.03
人們 0.12 -0.02 -0.01 -0.10 0.06
組成 0.14 0.07 0.06 -0.01 0.06
安穩 0.10 0.00 0.01 -0.04 0.06
抑制 -0.06 -0.25 -0.19 -0.25 0.14
悲哀 0.00 -0.37 -0.15 -0.16 0.07
沿革 0.01 -0.03 0.01 -0.02 -0.01
教唆 -0.02 -0.05 -0.02 -0.10 -0.03
牙齦 -0.05 -0.04 -0.04 -0.04 0.02
發作 0.00 0.00 0.00 0.00 0.00
鼻腔 -0.05 -0.04 -0.04 -0.04 0.02
陡峭 0.03 -0.01 0.05 0.03 -0.13
週期 -0.02 0.02 0.07 0.09 -0.15
點鐘 -0.02 0.02 0.07 0.09 -0.15
關閉 -0.02 0.05 0.03 0.01 -0.04
畢業 0.06 0.07 0.04 0.01 0.04
折價卷 0.00 0.00 0.00 0.00 0.00
資助 0.00 0.00 0.00 0.00 0.00
