一會兒 0.00 0.00 0.00 0.00 0.00
六億 -0.03 0.05 -0.03 -0.02 -0.06
再次 -0.02 0.02 0.07 0.09 -0.15
即可 0.00 0.00 0.00 0.00 0.00
告訴 0.05 0.00 0.01 -0.06 0.06
指責 0.05 -0.33 -0.29 -0.33 0.16
仇視 -0.03 -0.33 -0.31 -0.31 0.14
可恥 -0.03 -0.33 -0.31 -0.31 0.14
放縱 -0.03 -0.39 -0.17 -0.22 0.09
祝賀 0.10 0.00 0.01 -0.04 0.06
眼淚 0.00 -0.37 -0.15 -0.16 0.07
跛腳 0.00 -0.25 -0.15 -0.17 0.08
慈善 0.10 0.00 0.01 -0.04 0.06
煩忙 -0.03 -0.33 -0.31 -0.31 0.14
衝突 -0.03 -0.33 -0.31 -0.31 0.14
靈活 0.10 0.00 0.01 -0.04 0.06
每位 0.06 -0.04 0.04 0.02 0.03
抵消 -0.06 0.00 -0.04 -0.08 0.06
無條件 0.02 -0.03 0.01 -0.02 0.06
醍醐灌頂 -0.04 -0.03 -0.02 -0.09 0.07
絢爛 0.00 0.09 0.00 -0.03 0.05
口交 0.07 -0.02 0.00 -0.04 0.09
分裂症 0.00 0.00 0.00 0.00 0.00
候診 0.00 0.00 0.00 0.00 0.00
腦 -0.05 -0.04 -0.04 -0.04 0.02
古今 -0.02 0.02 0.07 0.09 -0.15
早早 -0.02 0.02 0.07 0.09 -0.15
伸出 -0.02 0.05 0.03 0.01 -0.04
旅途 0.03 -0.01 0.05 0.03 -0.13
開頭 -0.02 0.02 0.07 0.09 -0.15
阿拉 0.00 0.03 0.00 -0.06 0.07
禪定 0.00 0.03 0.00 -0.06 0.07
