ㄟ 0.00 0.00 0.00 0.00 0.00
不經 -0.08 -0.12 -0.11 -0.07 0.01
不對勁 -0.08 -0.12 -0.11 -0.07 0.01
片 0.00 0.00 0.00 0.00 0.00
絕對 0.02 -0.03 0.01 -0.02 0.06
反駁 0.04 -0.34 -0.30 -0.37 0.26
父母 0.13 -0.05 0.11 0.02 -0.05
姑媽 0.13 -0.05 0.11 0.02 -0.05
面試 0.14 0.07 0.06 -0.01 0.06
媽媽 0.13 -0.05 0.11 0.02 -0.05
空洞 0.00 -0.37 -0.15 -0.16 0.07
流淚 0.00 -0.37 -0.15 -0.16 0.07
保全 -0.06 0.00 -0.04 -0.08 0.06
綁 -0.06 0.00 -0.04 -0.08 0.06
香料 0.00 0.00 0.00 0.00 0.00
掃瞄 0.00 0.09 0.00 -0.03 0.05
聽力 -0.08 -0.04 -0.05 -0.08 0.06
止咳 0.00 0.00 0.00 0.00 0.00
老二 0.02 -0.06 -0.04 -0.08 0.11
肌肉 -0.05 -0.04 -0.04 -0.04 0.02
美白 0.00 0.00 0.00 0.00 0.00
當地 -0.02 0.05 0.03 0.01 -0.04
餘波 -0.02 0.02 0.07 0.09 -0.15
生產 0.09 0.08 0.03 0.03 -0.03
僕人 0.06 0.07 0.04 0.01 0.04
立體聲 -0.03 0.07 0.03 -0.01 -0.05
爵士 -0.03 0.07 0.03 -0.01 -0.05
保證金 0.00 0.00 0.00 0.00 0.00
供養 0.00 0.03 0.00 -0.06 0.07
祭司 0.00 0.03 0.00 -0.06 0.07
