九千 -0.03 0.05 -0.03 -0.02 -0.06
不了了之 -0.08 -0.12 -0.11 -0.07 0.01
不定 -0.17 -0.40 -0.31 -0.36 0.16
不服 -0.08 -0.37 -0.26 -0.24 0.09
不置 -0.08 -0.12 -0.11 -0.07 0.01
我們 0.16 -0.15 0.07 -0.02 -0.05
道 -0.02 0.05 0.03 0.01 -0.04
換 0.03 -0.01 0.05 0.03 -0.13
女生 0.12 -0.02 -0.01 -0.10 0.06
主人 0.14 0.07 0.06 -0.01 0.06
全家 0.13 -0.05 0.11 0.02 -0.05
約會 0.08 0.00 0.02 -0.02 0.02
聚會 0.05 0.07 0.05 -0.03 -0.03
談話 0.05 0.00 0.01 -0.06 0.06
請辭 0.08 0.00 0.02 -0.02 0.02
明亮 0.10 0.09 0.01 -0.07 0.11
報仇 -0.03 -0.33 -0.31 -0.31 0.14
焦慮 -0.01 -0.39 -0.12 -0.12 0.04
誠 0.10 0.00 0.01 -0.04 0.06
錯 -0.03 -0.27 -0.17 -0.23 0.10
判處 0.02 -0.03 0.01 -0.02 0.06
束縛 -0.06 0.00 -0.04 -0.08 0.06
想必 -0.04 -0.03 -0.02 -0.09 0.07
肇 -0.02 -0.05 -0.02 -0.10 -0.03
避開 -0.06 0.00 -0.04 -0.08 0.06
圓圈 0.00 0.09 0.00 -0.03 0.05
小吃店 -0.03 0.07 0.03 -0.01 -0.05
肛門 -0.05 -0.04 -0.04 -0.04 0.02
病理學 0.00 0.00 0.00 0.00 0.00
烹飪 -0.03 0.07 0.03 -0.01 -0.05
境地 -0.02 0.05 0.03 0.01 -0.04
舉止 0.03 -0.01 0.05 0.03 -0.13
牌位 -0.03 -0.06 0.02 0.00 -0.10
