朵 0.00 0.00 0.00 0.00 0.00
女郎 0.12 -0.02 -0.01 -0.10 0.06
男女 0.12 -0.02 -0.01 -0.10 0.06
熱愛 0.18 0.00 0.03 -0.06 0.08
積怨 0.08 0.00 0.02 -0.02 0.02
平安 0.10 0.00 0.01 -0.04 0.06
把握 0.15 -0.02 0.01 -0.04 0.05
怪異 0.00 -0.25 -0.15 -0.17 0.08
放肆 0.03 -0.07 -0.04 -0.06 0.04
帥氣 0.10 0.00 0.01 -0.04 0.06
悔悟 0.00 -0.37 -0.15 -0.16 0.07
迷亂 0.00 -0.25 -0.15 -0.17 0.08
繃緊 -0.01 -0.39 -0.12 -0.12 0.04
靈感 0.06 -0.03 -0.01 -0.13 0.13
有限 -0.06 0.00 -0.04 -0.08 0.06
忌諱 -0.06 0.00 -0.04 -0.08 0.06
明瞭 0.02 -0.03 0.01 -0.02 0.06
緊急 -0.06 0.00 -0.04 -0.08 0.06
輕拍 -0.01 -0.09 0.04 0.02 -0.04
妊娠 0.07 -0.02 0.00 -0.04 0.09
神經學 0.00 0.00 0.00 0.00 0.00
糖尿病 0.00 0.00 0.00 0.00 0.00
頸 -0.05 -0.04 -0.04 -0.04 0.02
踩 0.03 -0.01 0.05 0.03 -0.13
家教 0.06 0.07 0.04 0.01 0.04
培養 0.06 0.07 0.04 0.01 0.04
人脈 0.03 0.01 -0.01 0.02 -0.07
計策 0.03 0.01 -0.01 0.02 -0.07
MTV -0.03 0.07 0.03 -0.01 -0.05
庭園 -0.03 0.07 0.03 -0.01 -0.05
游泳池 -0.04 0.05 0.07 0.05 -0.20
詩歌 -0.03 0.10 0.03 -0.07 0.02
飾物 -0.03 0.07 0.03 -0.01 -0.05
垂死 -0.02 -0.04 -0.02 -0.06 0.05
