只要 0.00 0.00 0.00 0.00 0.00
短 -0.02 0.05 0.03 0.01 -0.04
順 0.00 0.06 0.04 0.08 -0.04
歲 0.00 0.00 0.00 0.00 0.00
敘述 0.04 -0.03 0.00 -0.11 0.09
運動 0.00 0.06 0.08 0.02 -0.18
入贅 0.13 -0.05 0.11 0.02 -0.05
心肝 0.14 -0.04 0.04 -0.01 -0.10
成年人 0.12 -0.02 -0.01 -0.10 0.06
堂姊 0.13 -0.05 0.11 0.02 -0.05
冒險 0.01 -0.03 -0.04 -0.16 0.13
哀痛 0.00 -0.37 -0.15 -0.16 0.07
罪名 0.00 -0.25 -0.15 -0.17 0.08
緊張 -0.01 -0.39 -0.12 -0.12 0.04
僵化 -0.06 -0.25 -0.19 -0.25 0.14
驚 0.03 -0.07 -0.04 -0.06 0.04
添加 0.01 -0.03 0.01 -0.02 -0.01
清晰 -0.01 -0.03 -0.00 -0.06 0.10
想法 -0.04 -0.03 -0.02 -0.09 0.07
概念 -0.04 -0.03 -0.02 -0.09 0.07
苦味 0.00 0.00 0.00 0.00 0.00
靜默 -0.03 0.00 -0.01 -0.04 0.04
腺體 0.00 0.00 0.00 0.00 0.00
午後 -0.02 0.02 0.07 0.09 -0.15
成長 0.03 -0.01 0.05 0.03 -0.13
間隔 -0.02 0.02 0.07 0.09 -0.15
補助 0.06 0.07 0.04 0.01 0.04
檢驗 0.06 0.07 0.04 0.01 0.04
硬幣 0.00 0.00 0.00 0.00 0.00
清教徒 0.00 0.03 0.00 -0.06 0.07
