同樣 0.01 -0.03 0.01 -0.02 -0.01
確切 0.02 -0.03 0.01 -0.02 0.06
逼 -0.06 0.00 -0.04 -0.08 0.06
公公 0.13 -0.05 0.11 0.02 -0.05
讚美 0.14 0.00 0.01 -0.21 0.22
打情罵俏 0.03 -0.07 -0.04 -0.06 0.04
堅定 0.14 -0.03 0.01 -0.07 0.10
強迫 -0.07 -0.39 -0.16 -0.20 0.10
無效 0.09 -0.17 -0.12 -0.14 0.05
激情 0.17 -0.02 0.01 -0.08 0.15
壓制 -0.06 -0.25 -0.19 -0.25 0.14
驚喜 0.10 0.00 0.01 -0.04 0.06
防 -0.06 0.00 -0.04 -0.08 0.06
原理 -0.02 -0.05 -0.02 -0.10 -0.03
嚐 0.00 0.00 0.00 0.00 0.00
梅毒 0.07 -0.02 0.00 -0.04 0.09
嘔 0.00 0.00 0.00 0.00 0.00
蕾絲邊 0.07 -0.02 0.00 -0.04 0.09
二月 -0.02 0.02 0.07 0.09 -0.15
冗長 -0.02 0.02 0.07 0.09 -0.15
全球 -0.02 0.05 0.03 0.01 -0.04
年少 -0.02 0.02 0.07 0.09 -0.15
延伸 -0.02 0.05 0.03 0.01 -0.04
放置 0.03 -0.01 0.05 0.03 -0.13
鎮 -0.02 0.05 0.03 0.01 -0.04
加班 0.06 0.07 0.04 0.01 0.04
房租 -0.01 -0.02 0.04 0.06 -0.15
費用 0.00 0.00 0.00 0.00 0.00
