不巧 -0.08 -0.12 -0.11 -0.07 0.01
它們 0.07 -0.12 0.04 0.02 -0.06
時時 -0.02 0.02 0.07 0.09 -0.15
講話 0.05 0.00 0.01 -0.06 0.06
小犬 0.13 -0.05 0.11 0.02 -0.05
友 0.24 -0.04 0.05 -0.05 -0.04
告知 0.04 -0.03 0.00 -0.11 0.09
表姊 0.13 -0.05 0.11 0.02 -0.05
群眾 0.12 -0.02 -0.01 -0.10 0.06
勸說 0.08 0.00 0.02 -0.02 0.02
受惠 0.10 0.00 0.01 -0.04 0.06
軟弱 0.00 -0.25 -0.15 -0.17 0.08
傷痛 0.00 -0.37 -0.15 -0.16 0.07
和解 -0.04 -0.03 -0.02 -0.09 0.07
迫使 -0.05 -0.03 -0.04 -0.12 0.01
難懂 -0.04 -0.03 -0.02 -0.09 0.07
鬆軟 -0.01 -0.09 0.04 0.02 -0.04
八月 -0.02 0.02 0.07 0.09 -0.15
空 -0.02 0.05 0.03 0.01 -0.04
返 -0.02 0.02 0.07 0.09 -0.15
介紹 0.06 0.07 0.04 0.01 0.04
抱負 0.09 0.08 0.03 0.03 -0.03
勞力 0.06 0.07 0.04 0.01 0.04
碩士 0.06 0.07 0.04 0.01 0.04
營利 0.06 0.07 0.04 0.01 0.04
偷懶 0.03 0.01 -0.01 0.02 -0.07
開銷 0.00 0.00 0.00 0.00 0.00
