唉 0.00 0.00 0.00 0.00 0.00
窩囊廢 -0.01 0.00 -0.14 -0.11 0.08
私密 0.08 0.00 0.02 -0.02 0.02
祖母 0.13 -0.05 0.11 0.02 -0.05
商量 0.08 0.00 0.02 -0.02 0.02
團體 0.08 0.00 0.02 -0.02 0.02
論述 0.14 0.07 0.06 -0.01 0.06
免費 0.10 0.00 0.01 -0.04 0.06
刻薄 0.00 -0.25 -0.15 -0.17 0.08
高階 0.13 0.01 0.00 -0.02 -0.01
處罰 -0.03 -0.33 -0.31 -0.31 0.14
慶生 0.07 0.07 0.04 -0.05 0.01
刻意 -0.04 -0.03 -0.02 -0.09 0.07
理會 -0.04 -0.03 -0.02 -0.09 0.07
應有 0.02 -0.03 0.01 -0.02 0.06
播放 0.00 0.09 0.00 -0.03 0.05
疥癬 0.00 0.00 0.00 0.00 0.00
喝醉 -0.03 0.07 0.03 -0.01 -0.05
下端 -0.02 0.05 0.03 0.01 -0.04
偏僻 -0.02 0.05 0.03 0.01 -0.04
場地 -0.02 0.05 0.03 0.01 -0.04
牆壁 -0.02 0.05 0.03 0.01 -0.04
策劃 0.03 0.01 -0.01 0.02 -0.07
潛力 0.03 0.01 -0.01 0.02 -0.07
掃帚 -0.01 -0.02 0.04 0.06 -0.15
陽臺 -0.01 -0.02 0.04 0.06 -0.15
乞丐 0.00 0.00 0.00 0.00 0.00
貸款 0.00 0.00 0.00 0.00 0.00
遺產 0.00 0.00 0.00 0.00 0.00
教士 0.00 0.03 0.00 -0.06 0.07
聖戰 0.00 0.03 0.00 -0.06 0.07
