也好 0.00 0.00 0.00 0.00 0.00
不朽 -0.12 -0.11 -0.06 -0.10 -0.02
不宜 -0.08 -0.37 -0.26 -0.24 0.09
不屑 -0.08 -0.37 -0.26 -0.24 0.09
來自 0.04 0.02 0.10 0.09 -0.18
您們 0.15 -0.12 0.06 0.00 -0.04
得到 0.03 0.01 -0.01 0.02 -0.07
提出 0.00 0.00 0.00 0.00 0.00
影響 0.01 -0.04 -0.03 -0.08 -0.10
購買 0.00 0.00 0.00 0.00 0.00
七竅生煙 -0.03 -0.33 -0.31 -0.31 0.14
巫婆 0.00 -0.25 -0.15 -0.17 0.08
非難 -0.03 -0.33 -0.31 -0.31 0.14
傻子 0.03 -0.07 -0.04 -0.06 0.04
興趣 0.07 0.07 0.04 -0.05 0.01
決策 -0.01 -0.02 -0.03 -0.07 0.00
沙啞 -0.03 0.00 -0.01 -0.04 0.04
香氣 0.00 0.00 0.00 0.00 0.00
瞎 0.00 0.09 0.00 -0.03 0.05
膚色 0.00 0.09 0.00 -0.03 0.05
手臂 -0.05 -0.04 -0.04 -0.04 0.02
腦袋 -0.05 -0.04 -0.04 -0.04 0.02
代 -0.02 0.02 0.07 0.09 -0.15
加大 -0.02 0.05 0.03 0.01 -0.04
指導 0.06 0.07 0.04 0.01 0.04
溜達 -0.03 0.07 0.03 -0.01 -0.05
窮人 0.00 0.00 0.00 0.00 0.00
