乙 -0.03 0.05 -0.03 -0.02 -0.06
今 0.00 -0.12 -0.01 -0.03 -0.09
往往 -0.09 -0.03 -0.05 -0.12 0.07
億 -0.03 0.05 -0.03 -0.02 -0.06
信任 0.14 -0.03 0.01 -0.15 0.15
外公 0.13 -0.05 0.11 0.02 -0.05
情人 0.31 -0.06 0.05 -0.09 0.05
心情 0.03 -0.07 -0.04 -0.06 0.04
低沉 0.00 -0.37 -0.15 -0.16 0.07
利益 0.12 0.01 -0.01 -0.03 0.01
妓女 0.07 -0.27 -0.15 -0.21 0.17
恍惚 0.00 -0.25 -0.15 -0.17 0.08
偏執 -0.03 -0.33 -0.31 -0.31 0.14
惱 -0.03 -0.33 -0.31 -0.31 0.14
確定 0.04 -0.11 -0.03 -0.11 0.15
難堪 -0.01 -0.39 -0.12 -0.12 0.04
妥協 -0.04 -0.03 -0.02 -0.09 0.07
改正 -0.02 -0.05 -0.02 -0.10 -0.03
指望 -0.04 -0.03 -0.02 -0.09 0.07
厚 -0.03 -0.04 0.07 0.03 -0.08
好色 0.07 -0.02 0.00 -0.04 0.09
核磁共振 0.00 0.00 0.00 0.00 0.00
消夜 0.00 0.00 0.00 0.00 0.00
針灸 0.00 0.00 0.00 0.00 0.00
飢餓 0.00 0.00 0.00 0.00 0.00
進餐 0.00 0.00 0.00 0.00 0.00
醒 -0.05 -0.04 -0.04 -0.04 0.02
軀幹 -0.05 -0.04 -0.04 -0.04 0.02
晚年 -0.02 0.02 0.07 0.09 -0.15
發射 0.03 -0.01 0.05 0.03 -0.13
照舊 -0.02 0.02 0.07 0.09 -0.15
升職 0.09 0.08 0.03 0.03 -0.03
徒勞 0.09 0.08 0.03 0.03 -0.03
解套 0.03 0.01 -0.01 0.02 -0.07
收音機 -0.03 0.07 0.03 -0.01 -0.05
省錢 0.00 0.00 0.00 0.00 0.00
借入 0.00 0.00 0.00 0.00 0.00
補償 0.00 0.00 0.00 0.00 0.00
神 0.00 0.03 0.00 -0.06 0.07
廟宇 0.00 0.03 0.00 -0.06 0.07
收殮 -0.02 -0.04 -0.02 -0.06 0.05
