九兆 -0.03 0.05 -0.03 -0.02 -0.06
左右 0.00 0.00 0.00 0.00 0.00
再度 0.00 0.00 0.00 0.00 0.00
均 0.00 0.00 0.00 0.00 0.00
小叔 0.13 -0.05 0.11 0.02 -0.05
成人 0.12 -0.02 -0.01 -0.10 0.06
完美 0.21 0.05 0.05 -0.03 0.09
享受 0.10 0.00 0.01 -0.04 0.06
勝利 0.19 0.08 0.04 -0.01 0.03
改期 0.01 -0.03 0.01 -0.02 -0.01
思慮 -0.04 -0.03 -0.02 -0.09 0.07
恆 0.02 -0.03 0.01 -0.02 0.06
動搖 -0.09 -0.03 -0.05 -0.12 0.07
意識 -0.04 -0.03 -0.02 -0.09 0.07
覆議 -0.04 -0.03 -0.02 -0.09 0.07
體認 -0.04 -0.03 -0.02 -0.09 0.07
風 0.00 0.00 0.00 0.00 0.00
性欲 0.07 -0.02 0.00 -0.04 0.09
抽煙 0.00 0.00 0.00 0.00 0.00
診所 0.00 0.00 0.00 0.00 0.00
體格 0.00 0.00 0.00 0.00 0.00
扭轉 0.03 -0.01 0.05 0.03 -0.13
步伐 0.03 -0.01 0.05 0.03 -0.13
廣闊 -0.02 0.05 0.03 0.01 -0.04
陵墓 -0.02 -0.04 -0.02 -0.06 0.05
