不致於 -0.08 -0.12 -0.11 -0.07 0.01
如 0.00 0.06 0.04 0.08 -0.04
自然 0.00 0.00 0.00 0.00 0.00
根本 0.02 -0.03 0.01 -0.02 0.06
曾經 -0.11 -0.01 0.02 -0.03 -0.08
款 0.00 0.00 0.00 0.00 0.00
還 0.00 0.00 0.00 0.00 0.00
支撐 0.10 0.00 0.01 -0.04 0.06
冒犯 0.05 -0.33 -0.29 -0.33 0.16
麻吉 0.14 -0.04 0.04 -0.01 -0.10
著名 0.11 0.01 0.01 0.00 -0.05
親家 0.13 -0.05 0.11 0.02 -0.05
狂怒 -0.03 -0.33 -0.31 -0.31 0.14
重擔 0.00 -0.25 -0.15 -0.17 0.08
滑稽 0.03 -0.07 -0.04 -0.06 0.04
鼓舞 0.06 -0.03 -0.01 -0.13 0.13
摯情 0.10 0.00 0.01 -0.04 0.06
理由 -0.03 -0.06 -0.02 -0.13 0.02
檢查 -0.06 0.00 -0.04 -0.08 0.06
青色 0.00 0.09 0.00 -0.03 0.05
圓弧 -0.01 0.00 0.04 -0.01 0.01
元氣 0.00 0.00 0.00 0.00 0.00
膝蓋 -0.05 -0.04 -0.04 -0.04 0.02
癌症 0.00 0.00 0.00 0.00 0.00
抖動 0.03 -0.01 0.05 0.03 -0.13
時局 -0.02 0.02 0.07 0.09 -0.15
逃命 0.03 -0.01 0.05 0.03 -0.13
踏 0.03 -0.01 0.05 0.03 -0.13
期中 0.06 0.07 0.04 0.01 0.04
雕塑 -0.03 0.07 0.03 -0.01 -0.05
祭壇 0.00 0.03 0.00 -0.06 0.07
靈魂 0.00 0.03 0.00 -0.06 0.07
