七十 -0.03 0.05 -0.03 -0.02 -0.06
不力 -0.08 -0.12 -0.11 -0.07 0.01
不夠 -0.08 -0.12 -0.11 -0.07 0.01
少 -0.08 -0.12 -0.11 -0.07 0.01
阿媽 0.13 -0.05 0.11 0.02 -0.05
可怕 -0.01 -0.39 -0.12 -0.12 0.04
次要 0.03 -0.07 -0.04 -0.06 0.04
妨礙 -0.07 -0.39 -0.16 -0.20 0.10
活力 0.10 0.00 0.01 -0.04 0.06
笑死 0.10 0.00 0.01 -0.04 0.06
煩 -0.03 -0.33 -0.31 -0.31 0.14
騷動 -0.01 -0.39 -0.12 -0.12 0.04
阻撓 -0.06 0.00 -0.04 -0.08 0.06
為何 -0.02 -0.05 -0.02 -0.10 -0.03
停辦 -0.06 0.00 -0.04 -0.08 0.06
理性 -0.04 -0.03 -0.02 -0.09 0.07
想像 -0.04 -0.03 -0.02 -0.09 0.07
擠壓 -0.06 0.00 -0.04 -0.08 0.06
辛辣 -0.01 -0.09 0.04 0.02 -0.04
發燒 0.00 0.00 0.00 0.00 0.00
嘴唇 -0.05 -0.04 -0.04 -0.04 0.02
生長 0.03 -0.01 0.05 0.03 -0.13
耶誕節 -0.02 0.05 0.07 0.03 -0.08
側 -0.02 0.05 0.03 0.01 -0.04
幼稚園 0.06 0.07 0.04 0.01 0.04
神學家 0.06 0.07 0.04 0.01 0.04
院 0.06 0.07 0.04 0.01 0.04
黑板 0.06 0.07 0.04 0.01 0.04
浴室 -0.04 0.05 0.07 0.05 -0.20
郵箱 -0.01 -0.02 0.04 0.06 -0.15
費 0.00 0.00 0.00 0.00 0.00
銀行 0.00 0.00 0.00 0.00 0.00
大乘 0.00 0.03 0.00 -0.06 0.07
經文 0.00 0.03 0.00 -0.06 0.07
誤殺 -0.02 -0.04 -0.02 -0.06 0.05
