不為 -0.08 -0.12 -0.11 -0.07 0.01
再 -0.02 0.02 0.07 0.09 -0.15
因 0.00 0.00 0.00 0.00 0.00
假使 0.00 0.00 0.00 0.00 0.00
無止境 -0.08 -0.12 -0.11 -0.07 0.01
無以 -0.08 -0.12 -0.11 -0.07 0.01
保存 -0.06 0.00 -0.04 -0.08 0.06
屌 0.00 0.02 -0.14 -0.15 0.12
同僚 0.20 0.03 0.08 0.00 -0.06
姑父 0.13 -0.05 0.11 0.02 -0.05
講述 0.08 0.00 0.02 -0.02 0.02
傳情 0.10 0.00 0.01 -0.04 0.06
暴怒 -0.03 -0.33 -0.31 -0.31 0.14
機靈 0.10 0.00 0.01 -0.04 0.06
褫奪 0.00 -0.37 -0.15 -0.16 0.07
鎮靜 0.10 0.00 0.01 -0.04 0.06
挑選 -0.04 -0.03 -0.02 -0.09 0.07
發動 -0.02 -0.05 -0.02 -0.10 -0.03
肝臟 -0.05 -0.04 -0.04 -0.04 0.02
結石 0.00 0.00 0.00 0.00 0.00
藥理學 0.00 0.00 0.00 0.00 0.00
前者 -0.02 0.02 0.07 0.09 -0.15
時差 -0.02 0.02 0.07 0.09 -0.15
晚間 -0.02 0.02 0.07 0.09 -0.15
間歇 -0.02 0.02 0.07 0.09 -0.15
聖誕節 -0.02 0.05 0.07 0.03 -0.08
盡頭 -0.02 0.05 0.03 0.01 -0.04
合約 0.06 0.07 0.04 0.01 0.04
動員 0.06 0.07 0.04 0.01 0.04
宅 -0.01 -0.02 0.04 0.06 -0.15
帳單 0.00 0.00 0.00 0.00 0.00
呵 0.01 0.02 0.00 -0.04 0.04
