不克 -0.08 -0.12 -0.11 -0.07 0.01
同時 -0.02 -0.10 0.06 0.06 -0.24
嗯哼 0.01 0.02 0.00 -0.04 0.04
團 0.00 0.00 0.00 0.00 0.00
希望 0.01 -0.03 -0.04 -0.16 0.13
唸 0.05 0.00 0.01 -0.06 0.06
謝謝 0.10 0.00 0.01 -0.04 0.06
戀愛 0.25 -0.02 0.03 -0.10 0.17
好處 0.10 0.00 0.01 -0.04 0.06
哀怨 0.00 -0.37 -0.15 -0.16 0.07
虔誠 0.10 0.03 0.01 -0.10 0.13
強 0.10 0.00 0.01 -0.04 0.06
造反 -0.03 -0.33 -0.31 -0.31 0.14
發愁 0.00 -0.25 -0.15 -0.17 0.08
慘 0.00 -0.25 -0.15 -0.17 0.08
暗示 -0.02 -0.05 -0.02 -0.10 -0.03
認出 -0.04 -0.03 -0.02 -0.09 0.07
總之 0.02 -0.03 0.01 -0.02 0.06
除臭 0.00 0.00 0.00 0.00 0.00
唱 -0.03 0.00 -0.01 -0.04 0.04
心 -0.05 -0.04 -0.04 -0.04 0.02
抗過動藥 0.00 0.00 0.00 0.00 0.00
肥 -0.05 -0.04 -0.04 -0.04 0.02
強迫症 0.00 0.00 0.00 0.00 0.00
斑點 0.00 0.00 0.00 0.00 0.00
蔬菜 0.00 0.00 0.00 0.00 0.00
上載 0.01 0.01 0.12 0.12 -0.28
直角 -0.02 0.05 0.03 0.01 -0.04
區域 -0.02 0.05 0.03 0.01 -0.04
違反 0.00 0.00 0.00 0.00 0.00
爾後 -0.02 0.02 0.07 0.09 -0.15
領海 -0.02 0.05 0.03 0.01 -0.04
高級 0.03 0.01 -0.01 0.02 -0.07
基金 0.00 0.00 0.00 0.00 0.00
預算 0.00 0.00 0.00 0.00 0.00
信 0.00 0.03 0.00 -0.06 0.07
禪修 0.00 0.03 0.00 -0.06 0.07
觀世音 0.00 0.03 0.00 -0.06 0.07
瘟疫 -0.02 -0.04 -0.02 -0.06 0.05
