三百 -0.03 0.05 -0.03 -0.02 -0.06
之內 0.00 0.00 0.00 0.00 0.00
廿 -0.03 0.05 -0.03 -0.02 -0.06
充足 0.00 0.00 0.00 0.00 0.00
用不到 -0.08 -0.12 -0.11 -0.07 0.01
貳 -0.03 0.05 -0.03 -0.02 -0.06
較少 0.00 0.00 0.00 0.00 0.00
利用 -0.02 -0.05 -0.02 -0.10 -0.03
女強人 0.12 -0.02 -0.01 -0.10 0.06
回答 0.04 -0.03 0.00 -0.11 0.09
家屬 0.13 -0.05 0.11 0.02 -0.05
聊天 0.05 0.07 0.05 -0.03 -0.03
仁術 0.10 0.00 0.01 -0.04 0.06
沉迷 -0.01 -0.39 -0.12 -0.12 0.04
邪惡 -0.03 -0.30 -0.31 -0.37 0.21
忽略 -0.06 -0.37 -0.19 -0.24 0.13
麻煩 0.00 -0.25 -0.15 -0.17 0.08
根源 -0.02 -0.05 -0.02 -0.10 -0.03
長方形 0.00 0.09 0.00 -0.03 0.05
粉紅 0.00 0.09 0.00 -0.03 0.05
處方 0.00 0.00 0.00 0.00 0.00
世界 -0.02 0.05 0.03 0.01 -0.04
相交 -0.02 0.05 0.03 0.01 -0.04
增 0.00 0.00 0.00 0.00 0.00
消費群 0.06 0.07 0.04 0.01 0.04
提款機 0.00 0.00 0.00 0.00 0.00
聖經 0.00 0.03 0.00 -0.06 0.07
