元 0.00 0.00 0.00 0.00 0.00
有的 0.00 0.00 0.00 0.00 0.00
長久 -0.02 0.02 0.07 0.09 -0.15
真正 0.02 -0.03 0.01 -0.02 0.06
父親 0.13 -0.05 0.11 0.02 -0.05
和睦 0.10 0.00 0.01 -0.04 0.06
約束 -0.06 -0.25 -0.19 -0.25 0.14
陰森 0.00 -0.25 -0.15 -0.17 0.08
喜氣 0.10 0.00 0.01 -0.04 0.06
猶疑 -0.10 -0.42 -0.17 -0.24 0.11
輝煌 0.10 0.00 0.01 -0.04 0.06
壞死 0.00 -0.25 -0.15 -0.17 0.08
想像力 -0.04 -0.03 -0.02 -0.09 0.07
慎重 -0.06 0.00 -0.04 -0.08 0.06
變異 -0.09 -0.03 -0.05 -0.12 0.07
叫喊 -0.03 0.00 -0.01 -0.04 0.04
僵直 -0.05 -0.04 -0.04 -0.04 0.02
膝關節 -0.05 -0.04 -0.04 -0.04 0.02
餵食 0.00 0.00 0.00 0.00 0.00
出席 0.03 -0.01 0.05 0.03 -0.13
容積 -0.02 0.05 0.03 0.01 -0.04
高度 -0.02 0.05 0.03 0.01 -0.04
上課 0.06 0.07 0.04 0.01 0.04
自助餐廳 0.06 0.07 0.04 0.01 0.04
期末考 0.06 0.07 0.04 0.01 0.04
營收 0.06 0.07 0.04 0.01 0.04
高手 0.03 0.01 -0.01 0.02 -0.07
玩具 -0.03 0.07 0.03 -0.01 -0.05
戲院 -0.03 0.07 0.03 -0.01 -0.05
藝術 -0.03 0.07 0.03 -0.01 -0.05
讀 -0.03 0.07 0.03 -0.01 -0.05
頂樓 -0.01 -0.02 0.04 0.06 -0.15
安葬 -0.02 -0.04 -0.02 -0.06 0.05
