一點點 0.00 0.00 0.00 0.00 0.00
十兆 -0.03 0.05 -0.03 -0.02 -0.06
不由 -0.08 -0.12 -0.11 -0.07 0.01
柒 -0.03 0.05 -0.03 -0.02 -0.06
無不 -0.08 -0.12 -0.11 -0.07 0.01
隨處 -0.11 0.02 -0.02 -0.11 0.03
吸 0.00 0.00 0.00 0.00 0.00
答應 -0.01 -0.10 -0.06 -0.15 0.11
仁兄 0.08 0.00 0.02 -0.02 0.02
報復 -0.03 -0.33 -0.31 -0.31 0.14
最好 0.13 0.01 0.00 -0.02 -0.01
落空 0.00 -0.37 -0.15 -0.16 0.07
遲疑 -0.10 -0.42 -0.17 -0.24 0.11
意向 -0.04 -0.03 -0.02 -0.09 0.07
方 0.00 0.09 0.00 -0.03 0.05
視訊 0.00 0.09 0.00 -0.03 0.05
時針 -0.02 0.02 0.07 0.09 -0.15
牽引 0.03 -0.01 0.05 0.03 -0.13
提升 0.12 0.07 0.08 0.06 -0.16
先修 0.06 0.07 0.04 0.01 0.04
水療 -0.03 0.07 0.03 -0.01 -0.05
健身 -0.03 0.07 0.03 -0.01 -0.05
剪貼簿 -0.03 0.07 0.03 -0.01 -0.05
功德 0.00 0.03 0.00 -0.06 0.07
淨食 0.00 0.03 0.00 -0.06 0.07
