兩百 -0.03 0.05 -0.03 -0.02 -0.06
相互 0.00 0.00 0.00 0.00 0.00
無稽 -0.08 -0.12 -0.11 -0.07 0.01
與否 0.00 0.00 0.00 0.00 0.00
鑑於 0.00 0.00 0.00 0.00 0.00
分享 0.18 0.00 0.03 -0.06 0.08
ㄏㄏ 0.04 -0.05 -0.04 -0.10 0.08
死當 0.00 -0.25 -0.15 -0.17 0.08
性情 0.03 -0.07 -0.04 -0.06 0.04
無味 0.00 -0.25 -0.15 -0.17 0.08
遇難 -0.03 -0.33 -0.31 -0.31 0.14
毅然 0.15 -0.02 0.01 -0.04 0.05
震怒 -0.03 -0.33 -0.31 -0.31 0.14
遲鈍 0.00 -0.37 -0.15 -0.16 0.07
驚訝 0.10 0.00 0.01 -0.04 0.06
回想 -0.04 -0.03 -0.02 -0.09 0.07
抗辯 -0.06 0.00 -0.04 -0.08 0.06
原來 -0.04 -0.03 0.05 -0.01 -0.18
排序 -0.03 -0.02 -0.02 -0.06 0.02
纏手 -0.06 0.00 -0.04 -0.08 0.06
紅色 0.00 0.09 0.00 -0.03 0.05
電燈 0.00 0.09 0.00 -0.03 0.05
緊抓 -0.01 -0.09 0.04 0.02 -0.04
鬆弛 -0.01 -0.09 0.04 0.02 -0.04
去掉 0.03 -0.01 0.05 0.03 -0.13
時限 -0.02 0.02 0.07 0.09 -0.15
新近 -0.02 0.02 0.07 0.09 -0.15
騎乘 0.03 -0.01 0.05 0.03 -0.13
才華 0.03 0.01 -0.01 0.02 -0.07
壁櫥 -0.01 -0.02 0.04 0.06 -0.15
刷卡 0.00 0.00 0.00 0.00 0.00
價錢 0.00 0.00 0.00 0.00 0.00
祈禱 0.00 0.03 0.00 -0.06 0.07
