不成 -0.08 -0.12 -0.11 -0.07 0.01
無力 -0.08 -0.49 -0.26 -0.23 0.08
不貞 -0.03 -0.33 -0.31 -0.31 0.14
反感 -0.03 -0.33 -0.31 -0.31 0.14
心神不寧 -0.01 -0.39 -0.12 -0.12 0.04
佔便宜 0.00 -0.25 -0.15 -0.17 0.08
哭訴 0.00 -0.37 -0.15 -0.16 0.07
消沉 0.00 -0.37 -0.15 -0.16 0.07
脆弱 -0.02 -0.48 -0.08 -0.10 0.00
從容 0.07 0.07 0.04 -0.05 0.01
清白 0.03 -0.07 -0.04 -0.06 0.04
燦爛 0.10 0.00 0.01 -0.04 0.06
排列 -0.03 -0.02 -0.02 -0.06 0.02
想望 -0.04 -0.03 -0.02 -0.09 0.07
緣故 -0.02 -0.05 -0.02 -0.10 -0.03
優於 -0.03 -0.02 -0.02 -0.06 0.02
鈴聲 -0.03 0.00 -0.01 -0.04 0.04
響 -0.03 0.00 -0.01 -0.04 0.04
支氣管 0.00 0.00 0.00 0.00 0.00
孕 0.07 -0.02 0.00 -0.04 0.09
足尖 -0.05 -0.04 -0.04 -0.04 0.02
繼而 -0.02 0.02 0.07 0.09 -0.15
法律 0.06 0.07 0.04 0.01 0.04
貿易 0.06 0.07 0.04 0.01 0.04
一貫道 0.00 0.03 0.00 -0.06 0.07
惡業 0.00 0.03 0.00 -0.06 0.07
上吊 -0.02 -0.04 -0.02 -0.06 0.05
