一邊 0.00 0.00 0.00 0.00 0.00
八兆 -0.03 0.05 -0.03 -0.02 -0.06
不但 -0.08 -0.12 -0.11 -0.07 0.01
至少 0.00 0.00 0.00 0.00 0.00
部 0.06 0.07 0.04 0.01 0.04
無濟 -0.08 -0.12 -0.11 -0.07 0.01
據 0.00 0.06 0.04 0.08 -0.04
跑 0.00 0.06 0.08 0.02 -0.18
進行 0.01 0.01 0.12 0.12 -0.28
政府 0.14 0.07 0.06 -0.01 0.06
婆婆 0.13 -0.05 0.11 0.02 -0.05
責備 0.05 -0.33 -0.29 -0.33 0.16
怕生 -0.01 -0.39 -0.12 -0.12 0.04
掛慮 0.03 -0.07 -0.04 -0.06 0.04
眾怒 -0.03 -0.33 -0.31 -0.31 0.14
貪汙 0.00 -0.25 -0.15 -0.17 0.08
過失 0.00 -0.25 -0.15 -0.17 0.08
整潔 0.10 0.00 0.01 -0.04 0.06
附加 0.01 -0.03 0.01 -0.02 -0.01
察覺 -0.04 -0.03 -0.02 -0.09 0.07
皮 -0.06 -0.13 0.00 -0.02 -0.02
大腦 -0.05 -0.04 -0.04 -0.04 0.02
中毒 0.00 0.00 0.00 0.00 0.00
冠狀動脈 0.00 0.00 0.00 0.00 0.00
睪丸 -0.05 -0.04 -0.04 -0.04 0.02
逃脫 0.03 -0.01 0.05 0.03 -0.13
填滿 -0.02 0.05 0.03 0.01 -0.04
嶄新 -0.02 0.02 0.07 0.09 -0.15
著作 0.06 0.07 0.04 0.01 0.04
公園 -0.03 0.07 0.03 -0.01 -0.05
鬼影 0.00 0.03 0.00 -0.06 0.07
處決 -0.02 -0.04 -0.02 -0.06 0.05
