不識 -0.08 -0.12 -0.11 -0.07 0.01
近 -0.02 0.05 0.03 0.01 -0.04
這些 0.07 -0.12 0.04 0.02 -0.06
想要 -0.04 -0.03 -0.02 -0.09 0.07
有效 0.13 0.01 0.00 -0.02 -0.01
悲悽 0.00 -0.37 -0.15 -0.16 0.07
過錯 0.00 -0.25 -0.15 -0.17 0.08
撫育 0.10 0.00 0.01 -0.04 0.06
中止 -0.05 0.01 0.08 0.04 -0.22
反思 -0.04 -0.03 -0.02 -0.09 0.07
差遣 -0.03 -0.02 -0.02 -0.06 0.02
終止 -0.05 0.01 0.08 0.04 -0.22
平滑 -0.01 -0.09 0.04 0.02 -0.04
綠色 0.00 0.09 0.00 -0.03 0.05
三明治 0.00 0.00 0.00 0.00 0.00
厭食症 0.00 0.00 0.00 0.00 0.00
寬闊 -0.02 0.05 0.03 0.01 -0.04
黎明 -0.02 0.02 0.07 0.09 -0.15
鼓 -0.03 0.07 0.03 -0.01 -0.05
雜務 -0.01 -0.02 0.04 0.06 -0.15
收買 0.00 0.00 0.00 0.00 0.00
國稅局 0.00 0.00 0.00 0.00 0.00
教義 0.00 0.03 0.00 -0.06 0.07
禪師 0.00 0.03 0.00 -0.06 0.07
