要是 0.00 0.00 0.00 0.00 0.00
終於 -0.02 0.02 0.07 0.09 -0.15
拿 0.03 -0.01 0.05 0.03 -0.13
意味 -0.04 -0.03 -0.02 -0.09 0.07
擔心 -0.01 -0.39 -0.12 -0.12 0.04
攜帶 0.03 -0.01 0.05 0.03 -0.13
聆聽 0.05 0.00 0.01 -0.06 0.06
甥女 0.08 0.00 0.02 -0.02 0.02
祝福 0.07 0.01 -0.01 -0.16 0.15
衰敗 -0.02 -0.23 -0.08 -0.08 -0.07
貪婪 0.00 -0.25 -0.15 -0.17 0.08
貪圖 0.00 -0.25 -0.15 -0.17 0.08
棒 0.11 0.02 0.01 -0.08 0.10
華麗 0.10 0.00 0.01 -0.04 0.06
感情 0.03 -0.07 -0.04 -0.06 0.04
讚 0.11 0.02 0.01 -0.08 0.10
抓 -0.07 -0.09 0.00 -0.06 0.02
推敲 -0.04 -0.03 -0.02 -0.09 0.07
精確 0.02 -0.03 0.01 -0.02 0.06
咖啡色 0.00 0.09 0.00 -0.03 0.05
軍醫 0.00 0.00 0.00 0.00 0.00
真皮 -0.05 -0.04 -0.04 -0.04 0.02
飲 -0.03 0.07 0.03 -0.01 -0.05
精神病藥 0.00 0.00 0.00 0.00 0.00
麵團 0.00 0.00 0.00 0.00 0.00
親近 0.03 -0.01 0.05 0.03 -0.13
離 -0.02 0.05 0.03 0.01 -0.04
股息 0.06 0.07 0.04 0.01 0.04
雇主 0.06 0.07 0.04 0.01 0.04
隔間 0.06 0.07 0.04 0.01 0.04
麻將 -0.03 0.07 0.03 -0.01 -0.05
老天爺 0.00 0.03 0.00 -0.06 0.07
