千 -0.03 0.05 -0.03 -0.02 -0.06
不少 -0.17 -0.15 -0.16 -0.19 0.08
當 -0.02 0.08 0.11 0.17 -0.19
接受 -0.04 -0.03 -0.02 -0.09 0.07
遊戲 0.15 0.07 0.06 -0.07 0.03
大眾 0.08 0.00 0.02 -0.02 0.02
反應 0.05 -0.06 0.00 -0.15 0.04
兄弟 0.19 0.02 0.15 0.03 -0.01
群體 0.08 0.00 0.02 -0.02 0.02
請求 0.13 0.05 0.03 -0.08 0.06
成就 0.19 0.08 0.04 -0.01 0.03
喪生 -0.02 -0.29 -0.17 -0.23 0.13
惡性 0.00 -0.25 -0.15 -0.17 0.08
業障 0.00 -0.22 -0.15 -0.23 0.15
鬆懈 0.00 0.00 -0.01 -0.07 -0.01
加入 0.01 -0.03 0.01 -0.02 -0.01
料想 -0.04 -0.03 -0.02 -0.09 0.07
期待 -0.03 -0.02 -0.02 -0.06 0.02
慣常 -0.05 0.00 0.05 0.03 -0.13
乳白 0.00 0.09 0.00 -0.03 0.05
盲 0.00 0.09 0.00 -0.03 0.05
刮除 0.00 0.00 0.00 0.00 0.00
早上 -0.02 0.02 0.07 0.09 -0.15
處所 -0.02 0.05 0.03 0.01 -0.04
朝下 -0.02 0.05 0.03 0.01 -0.04
銜接 -0.02 0.05 0.03 0.01 -0.04
倖存 0.03 0.01 -0.01 0.02 -0.07
花園 -0.04 0.05 0.07 0.05 -0.20
房契 -0.01 -0.02 0.04 0.06 -0.15
碗櫥 -0.01 -0.02 0.04 0.06 -0.15
一角 0.00 0.00 0.00 0.00 0.00
佛誕 0.00 0.03 0.00 -0.06 0.07
攝持 0.00 0.03 0.00 -0.06 0.07
