口 -0.05 -0.04 -0.04 -0.04 0.02
仟 -0.03 0.05 -0.03 -0.02 -0.06
否 -0.12 -0.12 -0.15 -0.14 0.10
沒事 -0.08 -0.12 -0.11 -0.07 0.01
堅持 0.03 0.01 -0.01 0.02 -0.07
討厭鬼 -0.01 0.00 -0.14 -0.11 0.08
藉口 0.08 0.00 0.02 -0.02 0.02
含糊 -0.01 -0.39 -0.12 -0.12 0.04
強健 0.13 0.01 0.00 -0.02 -0.01
喪禮 -0.02 -0.29 -0.17 -0.23 0.13
耀眼 0.10 0.09 0.01 -0.07 0.11
加上 0.01 -0.03 0.01 -0.02 -0.01
必然 0.03 -0.06 0.01 -0.06 0.01
急迫 -0.06 0.00 -0.04 -0.08 0.06
專心 -0.04 -0.03 -0.02 -0.09 0.07
亞麻 0.00 0.09 0.00 -0.03 0.05
演奏 -0.03 0.00 -0.01 -0.04 0.04
成藥 0.00 0.00 0.00 0.00 0.00
修長 -0.05 -0.04 -0.04 -0.04 0.02
層級 -0.02 0.05 0.03 0.01 -0.04
僕 0.06 0.07 0.04 0.01 0.04
枕頭 -0.01 -0.02 0.04 0.06 -0.15
浴佛節 0.00 0.03 0.00 -0.06 0.07
