不詳 -0.11 -0.18 -0.13 -0.20 0.03
公分 0.00 0.00 0.00 0.00 0.00
可能 -0.09 -0.03 -0.05 -0.12 0.07
四萬 -0.03 0.05 -0.03 -0.02 -0.06
愈來愈 0.00 0.00 0.00 0.00 0.00
試圖 0.01 -0.04 -0.03 -0.08 -0.10
幫忙 0.18 0.00 0.03 -0.06 0.08
大伯 0.13 -0.05 0.11 0.02 -0.05
開玩笑 0.11 -0.07 -0.02 -0.08 0.06
俊美 0.10 0.00 0.01 -0.04 0.06
威脅 -0.03 -0.33 -0.31 -0.31 0.14
精疲力盡 0.00 -0.25 -0.15 -0.17 0.08
壓抑 -0.06 -0.25 -0.19 -0.25 0.14
抓牢 -0.06 0.00 -0.04 -0.08 0.06
想一想 -0.04 -0.03 -0.02 -0.09 0.07
資訊 -0.03 -0.02 -0.02 -0.06 0.02
監管 -0.06 0.00 -0.04 -0.08 0.06
綜合 -0.04 -0.03 -0.02 -0.09 0.07
隆隆聲 -0.03 0.00 -0.01 -0.04 0.04
整形 0.00 0.00 0.00 0.00 0.00
前夕 -0.02 0.02 0.07 0.09 -0.15
頂 -0.02 0.05 0.03 0.01 -0.04
遊蕩 0.00 0.06 0.08 0.02 -0.18
端午節 -0.02 0.02 0.07 0.09 -0.15
宣布 0.06 0.07 0.04 0.01 0.04
部門 0.06 0.07 0.04 0.01 0.04
課 0.06 0.07 0.04 0.01 0.04
走後門 0.03 0.01 -0.01 0.02 -0.07
適任 0.03 0.01 -0.01 0.02 -0.07
念珠 0.00 0.03 0.00 -0.06 0.07
