公斤 0.00 0.00 0.00 0.00 0.00
現階段 0.00 -0.12 -0.01 -0.03 -0.09
花費 0.00 0.00 0.00 0.00 0.00
停留 -0.05 0.01 0.08 0.04 -0.22
認識 0.10 0.04 0.04 -0.10 0.13
主持 0.08 0.00 0.02 -0.02 0.02
家族 0.09 0.00 0.18 0.07 -0.25
不仁 0.00 -0.25 -0.15 -0.17 0.08
仁慈 0.10 0.00 0.01 -0.04 0.06
分心 -0.01 -0.39 -0.12 -0.12 0.04
自甘墮落 0.00 -0.25 -0.15 -0.17 0.08
受騙 -0.03 -0.33 -0.31 -0.31 0.14
幽默 0.10 0.00 0.01 -0.04 0.06
恭維 0.00 -0.25 -0.15 -0.17 0.08
喜從天降 0.10 0.00 0.01 -0.04 0.06
違約 0.00 -0.25 -0.15 -0.17 0.08
聰明 0.10 0.00 0.01 -0.04 0.06
雜亂 0.00 -0.25 -0.15 -0.17 0.08
觸目驚心 0.00 -0.25 -0.15 -0.17 0.08
歡心 0.10 0.00 0.01 -0.04 0.06
保養 -0.06 0.00 -0.04 -0.08 0.06
遵從 -0.06 0.00 -0.04 -0.08 0.06
絲 -0.01 -0.09 0.04 0.02 -0.04
點亮 0.00 0.09 0.00 -0.03 0.05
小吃 0.00 0.00 0.00 0.00 0.00
賁門 0.00 0.00 0.00 0.00 0.00
小巧 -0.02 0.05 0.03 0.01 -0.04
左面 -0.02 0.05 0.03 0.01 -0.04
交叉 -0.02 0.05 0.03 0.01 -0.04
各自 0.01 0.04 0.08 0.04 -0.17
早晚 -0.02 0.02 0.07 0.09 -0.15
經度 -0.02 0.05 0.03 0.01 -0.04
對面 -0.02 0.05 0.03 0.01 -0.04
加分 0.06 0.07 0.04 0.01 0.04
執照 0.06 0.07 0.04 0.01 0.04
閱讀 0.03 0.14 0.07 0.00 -0.01
歲入 0.00 0.00 0.00 0.00 0.00
大殿 0.00 0.03 0.00 -0.06 0.07
