不得不 -0.08 -0.12 -0.11 -0.07 0.01
有 0.00 0.06 0.04 0.08 -0.04
牠 0.07 -0.12 0.04 0.02 -0.06
並非 -0.08 -0.12 -0.11 -0.07 0.01
初 0.00 0.00 0.00 0.00 0.00
昨 0.00 0.00 0.00 0.00 0.00
這邊 0.00 0.00 0.00 0.00 0.00
無人 -0.08 -0.12 -0.11 -0.07 0.01
靠 -0.01 0.06 -0.10 -0.03 0.04
應該 -0.09 -0.03 -0.05 -0.12 0.07
少年 0.10 0.00 0.06 -0.01 -0.09
養女 0.13 -0.05 0.11 0.02 -0.05
曲解 -0.04 -0.28 -0.17 -0.26 0.15
有益 0.10 0.00 0.01 -0.04 0.06
走運 0.10 0.00 0.01 -0.04 0.06
拼命 0.03 -0.07 -0.04 -0.06 0.04
悲情 0.00 -0.37 -0.15 -0.16 0.07
鮮明 0.10 0.09 0.01 -0.07 0.11
率領 0.09 0.05 0.06 0.00 -0.14
揣測 -0.10 -0.04 -0.05 -0.15 0.12
留意 0.00 0.09 0.00 -0.03 0.05
閱覽 0.00 0.09 0.00 -0.03 0.05
薄 -0.03 -0.04 0.07 0.03 -0.08
顏料 0.00 0.09 0.00 -0.03 0.05
觀測 0.00 0.09 0.00 -0.03 0.05
元旦 -0.02 0.02 0.07 0.09 -0.15
月台 -0.02 0.05 0.03 0.01 -0.04
東方 -0.02 0.05 0.03 0.01 -0.04
道路 -0.02 0.05 0.03 0.01 -0.04
功課 0.08 0.06 0.07 0.09 -0.18
職業 0.06 0.07 0.04 0.01 0.04
損益 0.03 0.01 -0.01 0.02 -0.07
敬神 0.00 0.03 0.00 -0.06 0.07
