五百 -0.03 0.05 -0.03 -0.02 -0.06
沒錯 -0.08 -0.12 -0.11 -0.07 0.01
依 0.00 0.06 0.04 0.08 -0.04
漸漸 0.00 0.00 0.00 0.00 0.00
動作 0.03 -0.01 0.05 0.03 -0.13
男性 0.12 -0.02 -0.01 -0.10 0.06
暴徒 0.08 0.00 0.02 -0.02 0.02
克制 -0.03 -0.07 -0.08 -0.14 0.10
壯麗 0.10 0.00 0.01 -0.04 0.06
傷害 -0.03 -0.45 -0.31 -0.30 0.13
勢利 -0.03 -0.33 -0.31 -0.31 0.14
簡潔 0.10 0.00 0.01 -0.04 0.06
迫切 -0.06 0.00 -0.04 -0.08 0.06
截止 -0.06 0.00 -0.04 -0.08 0.06
大便 -0.05 -0.04 -0.04 -0.04 0.02
兒科 0.00 0.00 0.00 0.00 0.00
淋巴 0.00 0.00 0.00 0.00 0.00
闌尾 -0.05 -0.04 -0.04 -0.04 0.02
攝食 0.00 0.00 0.00 0.00 0.00
九月 -0.02 0.02 0.07 0.09 -0.15
五月 -0.02 0.02 0.07 0.09 -0.15
左方 -0.02 0.05 0.03 0.01 -0.04
時速 -0.02 0.02 0.07 0.09 -0.15
斜坡 -0.02 0.05 0.03 0.01 -0.04
部位 -0.02 0.05 0.03 0.01 -0.04
系 0.06 0.07 0.04 0.01 0.04
複印 0.06 0.07 0.04 0.01 0.04
爬山 -0.03 0.07 0.03 -0.01 -0.05
車票 0.00 0.00 0.00 0.00 0.00
拍賣 0.00 0.00 0.00 0.00 0.00
