一萬 -0.03 0.05 -0.03 -0.02 -0.06
才 0.00 0.00 0.00 0.00 0.00
不過 -0.08 -0.12 -0.11 -0.07 0.01
哇咧 0.00 0.00 0.00 0.00 0.00
怎麼 -0.08 -0.06 -0.05 -0.16 0.02
到達 0.07 -0.03 0.05 0.03 -0.21
前進 0.06 0.00 0.04 0.05 -0.20
買 0.00 0.00 0.00 0.00 0.00
偷聽 0.08 0.00 0.02 -0.02 0.02
閒話 0.08 -0.25 -0.13 -0.19 0.10
挑戰 0.19 0.08 0.04 -0.01 0.03
神經質 -0.01 -0.39 -0.12 -0.12 0.04
貧病 0.00 -0.25 -0.15 -0.17 0.08
謀殺 -0.05 -0.37 -0.33 -0.37 0.19
糟 0.00 -0.25 -0.15 -0.17 0.08
合理 -0.04 -0.03 -0.02 -0.09 0.07
涉及 -0.02 -0.05 -0.02 -0.10 -0.03
留神 0.00 0.09 0.00 -0.03 0.05
密集 -0.03 -0.04 0.07 0.03 -0.08
脊椎 -0.05 -0.04 -0.04 -0.04 0.02
強暴 0.07 -0.02 0.00 -0.04 0.09
維生素 0.00 0.00 0.00 0.00 0.00
瘡 0.00 0.00 0.00 0.00 0.00
放 0.01 0.04 0.08 0.04 -0.17
回報 0.03 0.01 -0.01 0.02 -0.07
教練 -0.03 0.07 0.03 -0.01 -0.05
網球 -0.03 0.07 0.03 -0.01 -0.05
打折 0.00 0.00 0.00 0.00 0.00
信用卡 0.00 0.00 0.00 0.00 0.00
上師 0.00 0.03 0.00 -0.06 0.07
穆斯林 0.00 0.03 0.00 -0.06 0.07
魔鬼 0.00 0.03 0.00 -0.06 0.07
