一樣 0.01 -0.03 0.01 -0.02 -0.01
十億 -0.03 0.05 -0.03 -0.02 -0.06
以上 0.00 0.00 0.00 0.00 0.00
位 0.00 0.00 0.00 0.00 0.00
況且 0.00 0.00 0.00 0.00 0.00
某 -0.10 -0.01 -0.07 -0.13 0.14
若 -0.10 -0.01 -0.07 -0.13 0.14
許多 0.00 0.00 0.00 0.00 0.00
幅 0.00 0.00 0.00 0.00 0.00
講 0.05 0.00 0.01 -0.06 0.06
變化 0.01 -0.06 0.03 -0.07 -0.16
交際 0.08 0.00 0.02 -0.02 0.02
名流 0.05 0.07 0.05 -0.03 -0.03
養子 0.13 -0.05 0.11 0.02 -0.05
失誤 0.00 -0.25 -0.15 -0.17 0.08
虐待 -0.03 -0.33 -0.31 -0.31 0.14
恐嚇 -0.03 -0.33 -0.31 -0.31 0.14
寬容 0.10 0.03 0.01 -0.10 0.13
擅長 0.19 0.08 0.04 -0.01 0.03
是否 -0.04 -0.03 -0.02 -0.09 0.07
停滯 -0.06 0.00 -0.04 -0.08 0.06
理論 -0.09 -0.03 -0.05 -0.12 0.07
誤導 -0.05 -0.03 -0.04 -0.12 0.01
黑暗 0.00 0.09 0.00 -0.03 0.05
碰 -0.01 -0.09 0.04 0.02 -0.04
青光眼 0.00 0.00 0.00 0.00 0.00
咽喉 -0.05 -0.04 -0.04 -0.04 0.02
樣式 0.06 0.07 0.04 0.01 0.04
締結 0.03 0.01 -0.01 0.02 -0.07
浴缸 -0.04 0.05 0.07 0.05 -0.20
逛 -0.03 0.07 0.03 -0.01 -0.05
英鎊 0.00 0.00 0.00 0.00 0.00
地獄 0.00 0.03 0.00 -0.06 0.07
梵蒂岡 0.00 0.03 0.00 -0.06 0.07
聖徒 0.00 0.03 0.00 -0.06 0.07
