不守 -0.08 -0.12 -0.11 -0.07 0.01
本來 -0.03 -0.02 -0.02 -0.06 0.02
頻繁 -0.02 0.02 0.07 0.09 -0.15
受 0.00 0.00 0.00 0.00 0.00
遭遇 0.00 0.00 0.00 0.00 0.00
阿姨 0.13 -0.05 0.11 0.02 -0.05
嫁 0.13 -0.05 0.11 0.02 -0.05
嬸 0.13 -0.05 0.11 0.02 -0.05
欣然 0.10 0.00 0.01 -0.04 0.06
沾沾自喜 0.10 0.00 0.01 -0.04 0.06
怒視 -0.03 -0.24 -0.31 -0.34 0.19
偷竊 0.00 -0.25 -0.15 -0.17 0.08
喜形於色 0.10 0.00 0.01 -0.04 0.06
傷 0.00 -0.37 -0.15 -0.16 0.07
鼻酸 0.00 -0.37 -0.15 -0.16 0.07
踴躍 0.03 -0.07 -0.04 -0.06 0.04
艱險 0.00 -0.25 -0.15 -0.17 0.08
壞人 -0.03 -0.33 -0.31 -0.31 0.14
永恆 0.00 -0.01 0.08 0.07 -0.09
意見 -0.04 -0.03 -0.02 -0.09 0.07
喊叫 -0.03 0.00 -0.01 -0.04 0.04
照料 0.00 0.00 0.00 0.00 0.00
鎮靜劑 0.00 0.00 0.00 0.00 0.00
倒退 -0.02 0.05 0.03 0.01 -0.04
逗留 0.01 0.01 0.12 0.12 -0.28
路 -0.02 0.05 0.03 0.01 -0.04
入學考 0.06 0.07 0.04 0.01 0.04
威信 0.03 0.01 -0.01 0.02 -0.07
飛盤 -0.03 0.07 0.03 -0.01 -0.05
唱詩班 -0.03 0.07 0.03 -0.01 -0.05
小乘 0.00 0.03 0.00 -0.06 0.07
