不久 -0.10 -0.10 -0.04 0.02 -0.14
不止 -0.08 -0.12 -0.11 -0.07 0.01
合計 0.02 -0.03 0.01 -0.02 0.06
當中 0.00 0.00 0.00 0.00 0.00
嘻 0.10 0.00 0.01 -0.04 0.06
讓 -0.02 -0.05 -0.02 -0.10 -0.03
製作 0.04 0.02 0.02 -0.09 0.01
笨蛋 -0.04 -0.33 -0.45 -0.42 0.22
侄 0.13 -0.05 0.11 0.02 -0.05
揭露 0.04 -0.03 0.00 -0.11 0.09
攀談 0.08 0.00 0.02 -0.02 0.02
好玩 0.10 0.00 0.01 -0.04 0.06
折磨 -0.03 -0.45 -0.31 -0.30 0.13
柔 0.09 -0.09 0.05 -0.02 0.02
牽掛 -0.01 -0.39 -0.12 -0.12 0.04
樂極生悲 0.00 -0.37 -0.15 -0.16 0.07
戰爭 -0.05 -0.37 -0.33 -0.37 0.19
戰亂 -0.05 -0.37 -0.33 -0.37 0.19
好像 -0.09 -0.03 -0.05 -0.12 0.07
扣除 -0.06 0.00 -0.04 -0.08 0.06
有時候 -0.09 -0.03 -0.05 -0.12 0.07
停頓 -0.06 0.00 -0.04 -0.08 0.06
深思熟慮 -0.04 -0.03 -0.02 -0.09 0.07
靈機一動 -0.04 -0.03 -0.02 -0.09 0.07
照亮 0.00 0.09 0.00 -0.03 0.05
圖像 0.00 0.09 0.00 -0.03 0.05
乳汁 0.00 0.00 0.00 0.00 0.00
西方 -0.02 0.05 0.03 0.01 -0.04
夜市 -0.03 0.07 0.03 -0.01 -0.05
電影 -0.03 0.07 0.03 -0.01 -0.05
公祭 -0.02 -0.04 -0.02 -0.06 0.05
