其餘 0.07 -0.12 0.04 0.02 -0.06
說明 0.04 -0.03 0.00 -0.11 0.09
孫 0.13 -0.05 0.11 0.02 -0.05
天資 0.10 0.00 0.01 -0.04 0.06
美滿 0.10 0.00 0.01 -0.04 0.06
寂寞 0.00 -0.37 -0.15 -0.16 0.07
逗趣 0.10 0.00 0.01 -0.04 0.06
惡人 0.00 -0.25 -0.15 -0.17 0.08
精美 0.10 0.00 0.01 -0.04 0.06
擊 0.02 -0.16 0.00 -0.04 0.00
齷齪 -0.03 -0.33 -0.31 -0.31 0.14
考慮到 -0.04 -0.03 -0.02 -0.09 0.07
抵不過 -0.06 0.00 -0.04 -0.08 0.06
阻礙 -0.06 0.00 -0.04 -0.08 0.06
苦澀 0.00 0.00 0.00 0.00 0.00
照片 0.00 0.09 0.00 -0.03 0.05
喘氣 0.00 0.00 0.00 0.00 0.00
睏 -0.05 -0.04 -0.04 -0.04 0.02
腹部 -0.05 -0.04 -0.04 -0.04 0.02
慢性病 0.00 0.00 0.00 0.00 0.00
糖果 0.00 0.00 0.00 0.00 0.00
竇 0.00 0.00 0.00 0.00 0.00
外出 -0.02 0.05 0.03 0.01 -0.04
外邊 -0.02 0.05 0.03 0.01 -0.04
左 -0.02 0.05 0.03 0.01 -0.04
契約 0.06 0.07 0.04 0.01 0.04
辦公室 0.06 0.07 0.04 0.01 0.04
證照 0.06 0.07 0.04 0.01 0.04
強大 0.03 0.01 -0.01 0.02 -0.07
溫泉 -0.03 0.07 0.03 -0.01 -0.05
慈制 -0.02 -0.04 -0.02 -0.06 0.05
