今年 0.00 -0.12 -0.01 -0.03 -0.09
沒什麼 -0.08 -0.12 -0.11 -0.07 0.01
狀 0.00 0.00 0.00 0.00 0.00
總額 0.00 0.00 0.00 0.00 0.00
教 0.06 0.07 0.04 0.01 0.04
小姑 0.13 -0.05 0.11 0.02 -0.05
太祖 0.13 -0.05 0.11 0.02 -0.05
閣下 0.12 -0.02 -0.01 -0.10 0.06
非人 0.03 -0.07 -0.04 -0.06 0.04
得意洋洋 0.10 0.00 0.01 -0.04 0.06
無聊 0.00 -0.25 -0.15 -0.17 0.08
傲慢 -0.03 -0.33 -0.31 -0.31 0.14
禁忌 -0.07 -0.39 -0.16 -0.20 0.10
操守 0.10 0.00 0.01 -0.04 0.06
一輩子 0.02 -0.03 0.01 -0.02 0.06
漠視 -0.04 0.00 -0.04 -0.07 0.09
歸因 -0.02 -0.05 -0.02 -0.10 -0.03
吸入 0.00 0.00 0.00 0.00 0.00
充血 0.00 0.00 0.00 0.00 0.00
酒吧 -0.03 0.07 0.03 -0.01 -0.05
隆起 0.00 0.00 0.00 0.00 0.00
腫塊 0.00 0.00 0.00 0.00 0.00
醫治 0.00 0.00 0.00 0.00 0.00
往日 -0.02 0.02 0.07 0.09 -0.15
舊 -0.02 0.02 0.07 0.09 -0.15
便條紙 0.06 0.07 0.04 0.01 0.04
間諜 0.06 0.07 0.04 0.01 0.04
瞌睡 -0.03 0.07 0.03 -0.01 -0.05
安樂死 -0.02 -0.04 -0.02 -0.06 0.05
告別式 -0.02 -0.04 -0.02 -0.06 0.05
