不停 -0.08 -0.12 -0.11 -0.07 0.01
條 0.00 0.00 0.00 0.00 0.00
代表 0.06 0.07 0.04 0.01 0.04
祖先 0.13 -0.05 0.11 0.02 -0.05
調情 0.18 0.00 0.03 -0.06 0.08
精疲力竭 0.00 -0.25 -0.15 -0.17 0.08
歡笑 0.10 0.00 0.01 -0.04 0.06
凍結 -0.01 -0.09 0.04 0.02 -0.04
唱歌 -0.06 0.07 0.02 -0.05 -0.01
歌曲 -0.06 0.07 0.02 -0.05 -0.01
食入 0.00 0.00 0.00 0.00 0.00
餐廳 -0.03 0.07 0.03 -0.01 -0.05
而後 -0.02 0.02 0.07 0.09 -0.15
位置 -0.02 0.05 0.03 0.01 -0.04
南邊 -0.02 0.05 0.03 0.01 -0.04
尋常 -0.02 0.02 0.07 0.09 -0.15
鐘頭 -0.02 0.02 0.07 0.09 -0.15
法學家 0.06 0.07 0.04 0.01 0.04
課稅 0.06 0.07 0.04 0.01 0.04
強度 0.03 0.01 -0.01 0.02 -0.07
出借 0.00 0.00 0.00 0.00 0.00
簽賭 0.00 0.00 0.00 0.00 0.00
因緣 0.00 0.03 0.00 -0.06 0.07
