小弟 0.20 -0.27 0.11 0.04 -0.18
只有 0.00 0.00 0.00 0.00 0.00
本身 0.08 0.00 0.02 -0.02 0.02
交換 0.06 0.04 0.07 -0.02 -0.07
懂 -0.04 -0.03 -0.02 -0.09 0.07
怪咖 -0.01 0.00 -0.14 -0.11 0.08
女主人 0.16 -0.09 0.12 0.00 -0.16
幼兒 0.12 -0.02 -0.01 -0.10 0.06
男童 0.12 -0.02 -0.01 -0.10 0.06
拍馬屁 0.08 0.00 0.02 -0.02 0.02
夥計 0.08 0.00 0.02 -0.02 0.02
丟人 0.00 -0.25 -0.15 -0.17 0.08
怒吼 -0.06 -0.33 -0.32 -0.35 0.18
珍視 0.10 0.00 0.01 -0.04 0.06
缺失 0.00 -0.25 -0.15 -0.17 0.08
顫抖 -0.01 -0.39 -0.12 -0.12 0.04
擋開 -0.06 0.00 -0.04 -0.08 0.06
牙 -0.05 -0.04 -0.04 -0.04 0.02
食物 0.00 0.00 0.00 0.00 0.00
僵 0.00 0.00 0.00 0.00 0.00
臂 -0.05 -0.04 -0.04 -0.04 0.02
安置 0.03 -0.01 0.05 0.03 -0.13
投遞 0.03 -0.01 0.05 0.03 -0.13
途徑 -0.02 0.05 0.03 0.01 -0.04
頂上 -0.02 0.05 0.03 0.01 -0.04
游動 0.03 -0.01 0.05 0.03 -0.13
紙張 0.06 0.07 0.04 0.01 0.04
業務 0.09 0.08 0.03 0.03 -0.03
署長 0.06 0.07 0.04 0.01 0.04
試卷 0.06 0.07 0.04 0.01 0.04
資格 0.06 0.07 0.04 0.01 0.04
播音室 0.06 0.07 0.04 0.01 0.04
KTV -0.03 0.07 0.03 -0.01 -0.05
打掃 -0.01 -0.02 0.04 0.06 -0.15
租賃 -0.01 -0.02 0.04 0.06 -0.15
朝聖 0.00 0.03 0.00 -0.06 0.07
