不同 -0.12 -0.15 -0.13 -0.16 0.08
比 0.00 0.06 0.04 0.08 -0.04
何時 -0.02 0.02 0.07 0.09 -0.15
兩 -0.03 0.05 -0.03 -0.02 -0.06
塊 0.00 0.00 0.00 0.00 0.00
認真 0.06 -0.06 -0.05 -0.04 -0.03
遭 0.00 0.06 0.04 0.08 -0.04
鼓勵 0.17 -0.02 0.00 -0.13 0.08
回絕 0.02 0.00 -0.02 -0.10 0.08
無畏 0.10 0.00 0.01 -0.04 0.06
蔑視 -0.03 -0.33 -0.31 -0.31 0.14
好奇 -0.04 -0.03 -0.02 -0.09 0.07
現實 -0.03 -0.02 -0.02 -0.06 0.02
皮膚 -0.06 -0.13 0.00 -0.02 -0.02
小兒科 0.00 0.00 0.00 0.00 0.00
咖啡豆 0.00 0.00 0.00 0.00 0.00
年長 -0.02 0.02 0.07 0.09 -0.15
早 -0.02 0.02 0.07 0.09 -0.15
西 -0.02 0.05 0.03 0.01 -0.04
駕馭 0.06 0.00 0.04 0.05 -0.20
正當 0.06 0.07 0.04 0.01 0.04
助教 0.06 0.07 0.04 0.01 0.04
決賽 0.06 0.07 0.04 0.01 0.04
畢業生 0.06 0.07 0.04 0.01 0.04
審查 0.06 0.07 0.04 0.01 0.04
頂尖 0.03 0.01 -0.01 0.02 -0.07
腳踏車 -0.03 0.07 0.03 -0.01 -0.05
劇場 -0.03 0.07 0.03 -0.01 -0.05
價值 0.00 0.00 0.00 0.00 0.00
寺院 0.00 0.03 0.00 -0.06 0.07
鬼魂 -0.02 -0.01 -0.02 -0.12 0.12
噢 0.01 0.02 0.00 -0.04 0.04
