不獨 -0.08 -0.12 -0.11 -0.07 0.01
到 0.04 0.02 0.10 0.09 -0.18
找到 -0.04 -0.03 -0.02 -0.09 0.07
流動 0.03 -0.01 0.05 0.03 -0.13
老婆 0.13 -0.05 0.11 0.02 -0.05
失望 0.00 -0.37 -0.15 -0.16 0.07
和平 0.10 0.00 0.01 -0.04 0.06
治療 0.03 -0.07 -0.04 -0.06 0.04
陰暗 0.00 -0.28 -0.15 -0.19 0.12
果然 -0.02 -0.05 -0.02 -0.10 -0.03
願望 -0.03 -0.02 -0.02 -0.06 0.02
粉紅色 0.00 0.09 0.00 -0.03 0.05
肋骨 -0.05 -0.04 -0.04 -0.04 0.02
血腥 0.00 0.00 0.00 0.00 0.00
乳癌 0.00 0.00 0.00 0.00 0.00
出來 -0.02 0.05 0.03 0.01 -0.04
地方 -0.02 0.05 0.03 0.01 -0.04
厚度 -0.02 0.05 0.03 0.01 -0.04
時空 -0.02 0.02 0.07 0.09 -0.15
時鐘 -0.02 0.02 0.07 0.09 -0.15
晚歸 -0.02 0.02 0.07 0.09 -0.15
漸進 -0.02 0.05 0.03 0.01 -0.04
討論會 0.06 0.07 0.04 0.01 0.04
學者 0.06 0.07 0.04 0.01 0.04
撲克 -0.03 0.07 0.03 -0.01 -0.05
致死 -0.02 -0.04 -0.02 -0.06 0.05
