不可 -0.06 -0.15 -0.10 -0.09 0.07
沒甚麼 -0.08 -0.12 -0.11 -0.07 0.01
前 -0.01 0.06 0.15 0.13 -0.32
無妨 -0.08 -0.12 -0.11 -0.07 0.01
保密 0.01 -0.01 -0.02 -0.13 0.13
政黨 0.14 0.07 0.06 -0.01 0.06
哥 0.13 -0.05 0.11 0.02 -0.05
孫女 0.13 -0.05 0.11 0.02 -0.05
可愛 0.10 0.00 0.01 -0.04 0.06
受苦 0.00 -0.37 -0.15 -0.16 0.07
衰退 -0.02 -0.23 -0.08 -0.08 -0.07
隆重 0.03 -0.07 -0.04 -0.06 0.04
懊惱 -0.03 -0.39 -0.17 -0.22 0.09
共同 0.07 0.04 0.05 -0.01 0.03
抉擇 -0.04 -0.03 -0.02 -0.09 0.07
病理 0.00 0.00 0.00 0.00 0.00
骨瘦如柴 -0.05 -0.04 -0.04 -0.04 0.02
齒 -0.05 -0.04 -0.04 -0.04 0.02
軀體 0.00 0.00 0.00 0.00 0.00
攝護腺 0.02 -0.06 -0.04 -0.08 0.11
腳步 0.03 -0.01 0.05 0.03 -0.13
趕快 -0.02 0.02 0.07 0.09 -0.15
修士 0.00 0.03 0.00 -0.06 0.07
