不遠 -0.08 -0.12 -0.11 -0.07 0.01
明年 -0.04 0.03 0.09 0.16 -0.19
絕無 -0.06 -0.15 -0.10 -0.09 0.07
洗 0.00 0.00 0.00 0.00 0.00
獲得 0.00 -0.01 -0.03 -0.04 -0.05
放屁 -0.04 -0.33 -0.45 -0.42 0.22
仁義 0.10 0.00 0.01 -0.04 0.06
扶持 0.10 0.00 0.01 -0.04 0.06
忠誠 0.07 -0.02 -0.01 -0.10 0.08
理想 0.10 -0.01 -0.02 -0.08 0.01
發臭 0.03 -0.07 -0.04 -0.06 0.04
跛 0.00 -0.25 -0.15 -0.17 0.08
目的 0.07 0.03 0.01 -0.07 -0.06
容許 -0.04 -0.03 -0.02 -0.09 0.07
差距 -0.03 -0.02 -0.02 -0.06 0.02
禁絕 -0.06 0.00 -0.04 -0.08 0.06
監視 -0.06 0.00 -0.04 -0.08 0.06
懸而未決 -0.09 -0.03 -0.05 -0.12 0.07
音調 -0.03 0.00 -0.01 -0.04 0.04
嘶 0.00 0.00 0.00 0.00 0.00
橙色 0.00 0.09 0.00 -0.03 0.05
口腔 -0.05 -0.04 -0.04 -0.04 0.02
冰糖 0.00 0.00 0.00 0.00 0.00
屁股 0.02 -0.06 -0.04 -0.08 0.11
眼角膜 -0.05 -0.04 -0.04 -0.04 0.02
解毒 0.00 0.00 0.00 0.00 0.00
漫出 0.00 0.00 0.00 0.00 0.00
詩集 -0.03 0.07 0.03 -0.01 -0.05
估價 0.00 0.00 0.00 0.00 0.00
教派 0.00 0.03 0.00 -0.06 0.07
猶太人 0.00 0.03 0.00 -0.06 0.07
