分 -0.02 0.02 0.07 0.09 -0.15
否定 -0.09 -0.45 -0.44 -0.48 0.23
既 0.00 0.00 0.00 0.00 0.00
導致 -0.02 -0.05 -0.02 -0.10 -0.03
關懷 0.10 0.00 0.01 -0.04 0.06
容光煥發 0.10 0.00 0.01 -0.04 0.06
羞辱 -0.03 -0.33 -0.31 -0.31 0.14
壞事 0.00 -0.25 -0.15 -0.17 0.08
後果 0.01 -0.04 -0.03 -0.08 -0.10
總 0.02 -0.03 0.01 -0.02 0.06
油 0.00 0.00 0.00 0.00 0.00
軟綿綿 -0.01 -0.09 0.04 0.02 -0.04
喊 -0.03 0.00 -0.01 -0.04 0.04
小便 -0.05 -0.04 -0.04 -0.04 0.02
恥骨 0.07 -0.02 0.00 -0.04 0.09
端 -0.02 0.05 0.03 0.01 -0.04
少校 0.06 0.07 0.04 0.01 0.04
球棒 -0.03 0.07 0.03 -0.01 -0.05
證券 0.00 0.00 0.00 0.00 0.00
