大都 0.00 0.00 0.00 0.00 0.00
不合 -0.11 -0.14 -0.13 -0.13 0.03
百萬 -0.03 0.05 -0.03 -0.02 -0.06
俺 0.12 -0.27 0.09 0.06 -0.20
差不多 -0.09 -0.03 -0.05 -0.12 0.07
唯一 0.00 0.00 0.00 0.00 0.00
還不是 -0.08 -0.12 -0.11 -0.07 0.01
失敗 0.09 -0.29 -0.12 -0.13 0.04
教導 0.06 0.07 0.04 0.01 0.04
尋求 0.00 0.00 0.00 0.00 0.00
提供 0.08 0.00 0.02 -0.02 0.02
人渣 -0.01 0.00 -0.14 -0.11 0.08
壞蛋 -0.04 -0.33 -0.45 -0.42 0.22
互動 0.08 0.00 0.02 -0.02 0.02
媳婦 0.13 -0.05 0.11 0.02 -0.05
嘲笑 0.05 -0.33 -0.29 -0.33 0.16
打擾 -0.01 -0.39 -0.12 -0.12 0.04
困 -0.07 -0.39 -0.16 -0.20 0.10
高傲 0.03 -0.07 -0.04 -0.06 0.04
疏漏 0.00 -0.25 -0.15 -0.17 0.08
粗俗 0.00 -0.25 -0.15 -0.17 0.08
解脫 0.10 0.00 0.01 -0.04 0.06
輕快 0.10 0.00 0.01 -0.04 0.06
敵意 -0.03 -0.33 -0.31 -0.31 0.14
爆發 0.00 -0.25 -0.15 -0.17 0.08
小心翼翼 -0.06 0.00 -0.04 -0.08 0.06
引導 0.10 0.02 0.06 -0.04 -0.19
相對 -0.06 0.05 -0.01 -0.06 0.05
避嫌 -0.06 0.00 -0.04 -0.08 0.06
吞嚥 0.00 0.00 0.00 0.00 0.00
嘈雜 -0.03 0.00 -0.01 -0.04 0.04
體驗 0.00 0.00 0.00 0.00 0.00
吸煙 0.00 0.00 0.00 0.00 0.00
飲食 0.00 0.00 0.00 0.00 0.00
慢性 0.00 0.00 0.00 0.00 0.00
鞋 -0.05 -0.04 -0.04 -0.04 0.02
避孕 0.00 0.00 0.00 0.00 0.00
大後天 -0.02 0.02 0.07 0.09 -0.15
提早 -0.02 0.02 0.07 0.09 -0.15
靜止 -0.05 0.09 0.10 0.08 -0.20
老板 0.06 0.07 0.04 0.01 0.04
摩托車 -0.03 0.07 0.03 -0.01 -0.05
翻新 -0.01 -0.02 0.04 0.06 -0.15
占卜 0.00 0.03 0.00 -0.06 0.07
惡魔 0.00 0.03 0.00 -0.06 0.07
業 0.00 0.03 0.00 -0.06 0.07
淒涼 -0.02 -0.04 -0.02 -0.06 0.05
