不懂 -0.08 -0.12 -0.11 -0.07 0.01
將要 -0.02 0.01 0.02 0.07 -0.04
絕不 -0.06 -0.15 -0.10 -0.09 0.07
展現 0.00 0.00 0.00 0.00 0.00
習慣 0.00 0.00 0.00 0.00 0.00
智障 -0.01 0.00 -0.14 -0.11 0.08
乾爸 0.13 -0.05 0.11 0.02 -0.05
暴民 0.08 0.00 0.02 -0.02 0.02
命運 0.03 -0.07 -0.04 -0.06 0.04
怒火 -0.03 -0.33 -0.31 -0.31 0.14
洩氣 0.00 -0.37 -0.15 -0.16 0.07
珍奇 0.10 0.00 0.01 -0.04 0.06
得意 0.13 0.01 0.00 -0.02 -0.01
悲慟 -0.02 -0.41 -0.17 -0.22 0.12
樂子 0.10 0.00 0.01 -0.04 0.06
罹難 0.00 -0.25 -0.15 -0.17 0.08
攪亂 -0.01 -0.39 -0.12 -0.12 0.04
讚賞 0.06 -0.03 -0.01 -0.13 0.13
見解 -0.04 -0.03 -0.02 -0.09 0.07
阻力 -0.06 0.00 -0.04 -0.08 0.06
禁慾 -0.06 0.03 -0.04 -0.14 0.13
遊覽 0.00 0.09 0.00 -0.03 0.05
六月 -0.02 0.02 0.07 0.09 -0.15
月底 -0.02 0.02 0.07 0.09 -0.15
老年 -0.02 0.02 0.07 0.09 -0.15
斜 -0.02 0.05 0.03 0.01 -0.04
淺 -0.02 0.05 0.03 0.01 -0.04
闔 -0.02 0.05 0.03 0.01 -0.04
晉升 0.03 0.01 -0.01 0.02 -0.07
日誌 -0.03 0.07 0.03 -0.01 -0.05
梵諦岡 0.00 0.03 0.00 -0.06 0.07
聖歌 0.00 0.03 0.00 -0.06 0.07
福音 0.00 0.03 0.00 -0.06 0.07
灌頂 0.00 0.03 0.00 -0.06 0.07
骨灰罈 -0.02 -0.04 -0.02 -0.06 0.05
科科 0.01 0.02 0.00 -0.04 0.04
