大致 -0.09 -0.03 -0.05 -0.12 0.07
不求 -0.08 -0.12 -0.11 -0.07 0.01
沒輒 -0.08 -0.12 -0.11 -0.07 0.01
些許 -0.09 -0.03 -0.05 -0.12 0.07
無論如何 0.02 -0.03 0.01 -0.02 0.06
命令 0.14 0.07 0.06 -0.01 0.06
爭吵 0.05 -0.33 -0.29 -0.33 0.16
嗨 0.08 0.00 0.02 -0.02 0.02
駁斥 0.05 -0.33 -0.29 -0.33 0.16
嘲罵 0.05 -0.33 -0.29 -0.33 0.16
繼子 0.13 -0.05 0.11 0.02 -0.05
仇 -0.03 -0.33 -0.31 -0.31 0.14
凶 -0.03 -0.33 -0.31 -0.31 0.14
改進 0.13 0.01 0.00 -0.02 -0.01
強硬 0.00 -0.25 -0.15 -0.17 0.08
抵死 -0.06 0.00 -0.04 -0.08 0.06
阻斷 -0.06 0.00 -0.04 -0.08 0.06
脈衝 -0.05 -0.04 -0.04 -0.04 0.02
鼻竇炎 0.00 0.00 0.00 0.00 0.00
東 -0.02 0.05 0.03 0.01 -0.04
停息 -0.02 0.02 0.07 0.09 -0.15
鄉村 -0.02 0.05 0.03 0.01 -0.04
寬敞 -0.03 0.03 0.07 0.07 -0.19
埋葬 -0.02 -0.04 -0.02 -0.06 0.05
