都 0.01 -0.03 0.01 -0.02 -0.01
總數 0.02 -0.03 0.01 -0.02 0.06
發現 0.00 -0.05 -0.03 -0.11 -0.05
公民 0.12 -0.02 -0.01 -0.10 0.06
表姐 0.13 -0.05 0.11 0.02 -0.05
憐憫 0.18 0.03 0.03 -0.12 0.15
親愛 0.18 0.00 0.03 -0.06 0.08
信譽 0.16 0.07 0.05 -0.03 0.10
敬重 0.10 0.00 0.01 -0.04 0.06
羨慕 0.03 -0.07 -0.04 -0.06 0.04
犧牲 0.00 -0.22 -0.15 -0.23 0.15
交付 -0.03 -0.02 -0.02 -0.06 0.02
洞察力 -0.04 -0.03 -0.02 -0.09 0.07
茅塞頓開 -0.04 -0.03 -0.02 -0.09 0.07
精選 -0.04 -0.03 -0.02 -0.09 0.07
圓 -0.01 0.00 0.04 -0.01 0.01
陰毛 0.07 -0.02 0.00 -0.04 0.09
體溫計 0.00 0.00 0.00 0.00 0.00
過期 -0.02 0.02 0.07 0.09 -0.15
安息日 0.00 0.03 0.00 -0.06 0.07
