去 0.03 -0.01 0.05 0.03 -0.13
你 0.14 -0.09 0.00 -0.04 0.07
需要 0.06 0.06 0.01 -0.03 -0.01
存在 0.00 0.00 0.00 0.00 0.00
訓練 0.03 0.05 0.02 -0.05 0.06
打破 0.00 -0.25 -0.15 -0.17 0.08
自在 0.07 0.07 0.04 -0.05 0.01
強壯 0.08 -0.03 -0.04 -0.06 0.01
難吃 0.00 -0.25 -0.15 -0.17 0.08
屈服 -0.06 0.00 -0.04 -0.08 0.06
近似 -0.09 -0.03 -0.05 -0.12 0.07
記得 -0.04 -0.03 -0.02 -0.09 0.07
盡量 -0.09 -0.03 -0.05 -0.12 0.07
火 -0.01 -0.09 0.04 0.02 -0.04
目送 0.00 0.09 0.00 -0.03 0.05
稀疏 -0.01 -0.09 0.04 0.02 -0.04
黃色 0.00 0.09 0.00 -0.03 0.05
人命 0.00 0.00 0.00 0.00 0.00
吐納 0.00 0.00 0.00 0.00 0.00
脊髓 -0.05 -0.04 -0.04 -0.04 0.02
喉頭 -0.05 -0.04 -0.04 -0.04 0.02
愛滋 0.07 -0.02 0.00 -0.04 0.09
反覆 -0.02 0.02 0.07 0.09 -0.15
現行 -0.02 0.02 0.07 0.09 -0.15
閉 -0.02 0.05 0.03 0.01 -0.04
邊沿 -0.02 0.05 0.03 0.01 -0.04
分派 0.06 0.07 0.04 0.01 0.04
改良 0.03 0.01 -0.01 0.02 -0.07
射擊 -0.03 0.07 0.03 -0.01 -0.05
棒球 -0.03 0.07 0.03 -0.01 -0.05
心靈 0.00 0.03 0.00 -0.06 0.07
信徒 0.00 0.03 0.00 -0.06 0.07
