七億 -0.03 0.05 -0.03 -0.02 -0.06
不及 -0.08 -0.12 -0.11 -0.07 0.01
之間 -0.04 0.07 0.10 0.10 -0.19
回 -0.02 0.02 0.07 0.09 -0.15
此外 -0.04 0.06 0.00 0.01 0.05
至今 -0.02 0.02 0.07 0.09 -0.15
哪 0.07 -0.12 0.04 0.02 -0.06
嘗試 -0.06 -0.02 -0.06 -0.10 0.00
乾爹 0.13 -0.05 0.11 0.02 -0.05
賓客 0.14 -0.04 0.04 -0.01 -0.10
可憐 0.00 -0.37 -0.15 -0.16 0.07
自暴自棄 0.00 -0.37 -0.15 -0.16 0.07
喪偶 -0.02 -0.29 -0.17 -0.23 0.13
惡夢 0.00 -0.25 -0.15 -0.17 0.08
殘暴 -0.03 -0.33 -0.31 -0.31 0.14
慢 -0.02 0.02 0.06 0.02 -0.16
興奮 0.10 0.00 0.01 -0.04 0.06
體諒 0.10 0.00 0.01 -0.04 0.06
例如 -0.03 -0.02 -0.02 -0.06 0.02
限 -0.06 0.00 -0.04 -0.08 0.06
推論 -0.03 -0.06 -0.02 -0.13 0.02
操縱 0.01 -0.04 -0.03 -0.08 -0.10
淡紅色 0.00 0.09 0.00 -0.03 0.05
蜜 0.00 0.00 0.00 0.00 0.00
寒顫 0.00 0.00 0.00 0.00 0.00
成熟 -0.02 0.02 0.07 0.09 -0.15
延續 -0.02 0.02 0.07 0.09 -0.15
座位 -0.02 0.05 0.03 0.01 -0.04
時刻 -0.02 0.02 0.07 0.09 -0.15
監督 0.06 0.07 0.04 0.01 0.04
饒舌 -0.03 0.07 0.03 -0.01 -0.05
長椅 -0.01 -0.02 0.04 0.06 -0.15
猶太教 0.00 0.03 0.00 -0.06 0.07
滌罪 0.00 0.03 0.00 -0.06 0.07
