一半 0.00 0.00 0.00 0.00 0.00
九十 -0.03 0.05 -0.03 -0.02 -0.06
不耐 -0.09 -0.51 -0.23 -0.19 0.05
不料 -0.08 -0.12 -0.11 -0.07 0.01
不清不楚 -0.17 -0.15 -0.16 -0.19 0.08
公里 -0.02 0.05 0.03 0.01 -0.04
及 0.01 -0.03 0.01 -0.02 -0.01
句 0.00 0.00 0.00 0.00 0.00
並且 0.00 0.00 0.00 0.00 0.00
事物 0.00 0.00 0.00 0.00 0.00
枚 0.00 0.00 0.00 0.00 0.00
為了 0.00 0.06 0.04 0.08 -0.04
娘兒們 -0.01 0.00 -0.14 -0.11 0.08
信服 0.18 0.00 0.03 -0.06 0.08
家人 0.09 0.00 0.18 0.07 -0.25
徒勞無功 0.00 -0.25 -0.15 -0.17 0.08
缺點 0.00 -0.25 -0.15 -0.17 0.08
富裕 0.10 0.00 0.01 -0.04 0.06
煩亂 -0.03 -0.33 -0.31 -0.31 0.14
衝擊 0.00 -0.25 -0.15 -0.17 0.08
艱深 -0.06 -0.25 -0.19 -0.25 0.14
包含 -0.01 0.02 0.04 -0.01 -0.05
讓步 -0.06 0.00 -0.04 -0.08 0.06
看看 0.00 0.09 0.00 -0.03 0.05
滋味 0.00 0.00 0.00 0.00 0.00
紫色 0.00 0.09 0.00 -0.03 0.05
覽 0.00 0.00 0.00 0.00 0.00
抽動 0.00 0.00 0.00 0.00 0.00
激 0.07 -0.02 0.00 -0.04 0.09
餐車 0.00 0.00 0.00 0.00 0.00
橫 -0.02 0.05 0.03 0.01 -0.04
關上 -0.02 0.05 0.03 0.01 -0.04
法人 0.06 0.07 0.04 0.01 0.04
警察 0.06 0.07 0.04 0.01 0.04
變裝 -0.03 0.07 0.03 -0.01 -0.05
