近期 -0.02 0.02 0.07 0.09 -0.15
故 0.00 0.00 0.00 0.00 0.00
誰 -0.02 -0.15 -0.01 -0.10 0.01
伯伯 0.13 -0.05 0.11 0.02 -0.05
辭令 0.08 0.00 0.02 -0.02 0.02
真心 0.03 -0.07 -0.04 -0.06 0.04
惡耗 0.00 -0.25 -0.15 -0.17 0.08
樂趣 0.10 0.00 0.01 -0.04 0.06
壓迫 -0.07 -0.34 -0.15 -0.23 0.10
壞心 0.00 -0.25 -0.15 -0.17 0.08
相反 -0.06 0.00 -0.04 -0.08 0.06
創造 0.01 -0.04 -0.03 -0.08 -0.10
乾熱 -0.01 -0.09 0.04 0.02 -0.04
幻聽 0.00 0.00 0.00 0.00 0.00
心血管 0.00 0.00 0.00 0.00 0.00
骨質 -0.05 -0.04 -0.04 -0.04 0.02
腹肌 -0.05 -0.04 -0.04 -0.04 0.02
轉診 0.00 0.00 0.00 0.00 0.00
下午 -0.02 0.02 0.07 0.09 -0.15
步調 0.03 -0.01 0.05 0.03 -0.13
後天 -0.02 0.02 0.07 0.09 -0.15
新潮 -0.02 0.02 0.07 0.09 -0.15
聘用 0.06 0.07 0.04 0.01 0.04
學校 0.06 0.07 0.04 0.01 0.04
寒假 -0.03 0.07 0.03 -0.01 -0.05
澡盆 -0.01 -0.02 0.04 0.06 -0.15
匯率 0.00 0.00 0.00 0.00 0.00
派別 0.00 0.03 0.00 -0.06 0.07
