十萬 -0.03 0.05 -0.03 -0.02 -0.06
不可以 -0.06 -0.15 -0.10 -0.09 0.07
哎呀 0.03 -0.07 -0.04 -0.06 0.04
動手 0.00 0.00 0.00 0.00 0.00
人類 0.12 -0.02 -0.01 -0.10 0.06
分配 0.14 0.07 0.06 -0.01 0.06
同伴 0.18 -0.06 0.01 -0.09 -0.06
表妹 0.13 -0.05 0.11 0.02 -0.05
活躍 0.10 0.00 0.01 -0.04 0.06
悔過 0.00 -0.37 -0.15 -0.16 0.07
懦 0.00 -0.25 -0.15 -0.17 0.08
帶 0.01 -0.03 0.01 -0.02 -0.01
鑑別 -0.04 -0.03 -0.02 -0.09 0.07
乾淨 -0.01 -0.09 0.04 0.02 -0.04
心臟病 0.00 0.00 0.00 0.00 0.00
性交 0.02 -0.06 -0.04 -0.08 0.11
宵夜 0.00 0.00 0.00 0.00 0.00
義大利麵 0.00 0.00 0.00 0.00 0.00
腳踝 -0.05 -0.04 -0.04 -0.04 0.02
盤子 0.00 0.00 0.00 0.00 0.00
下方 -0.02 0.05 0.03 0.01 -0.04
年關 -0.02 0.02 0.07 0.09 -0.15
至上 0.00 0.00 0.00 0.00 0.00
游 0.03 -0.01 0.05 0.03 -0.13
闔上 0.03 -0.01 0.05 0.03 -0.13
方針 0.06 0.07 0.04 0.01 0.04
電腦 0.06 0.07 0.04 0.01 0.04
廣播員 -0.03 0.07 0.03 -0.01 -0.05
貸 0.00 0.00 0.00 0.00 0.00
乩童 0.00 0.03 0.00 -0.06 0.07
耶穌 0.00 0.03 0.00 -0.06 0.07
