局 0.06 0.07 0.04 0.01 0.04
沒志氣 -0.08 -0.12 -0.11 -0.07 0.01
若非 -0.04 0.00 -0.04 -0.07 0.09
票 -0.03 0.07 0.03 -0.01 -0.05
逐漸 0.00 0.00 0.00 0.00 0.00
留 0.00 0.00 0.00 0.00 0.00
認為 -0.10 -0.04 -0.05 -0.15 0.12
坦承 0.04 -0.03 0.00 -0.11 0.09
坦誠 0.10 0.00 0.01 -0.04 0.06
果斷 0.09 -0.02 -0.02 -0.11 0.06
風險 -0.01 -0.39 -0.12 -0.12 0.04
喜劇 0.07 0.07 0.04 -0.05 0.01
嬉笑 0.10 0.00 0.01 -0.04 0.06
樂此 0.10 0.00 0.01 -0.04 0.06
知 -0.04 -0.03 -0.02 -0.09 0.07
缺 -0.03 -0.02 -0.02 -0.06 0.02
確知 0.02 -0.03 0.01 -0.02 0.06
環繞 -0.01 0.02 0.04 -0.01 -0.05
失明 0.00 0.09 0.00 -0.03 0.05
視線 0.00 0.09 0.00 -0.03 0.05
顏色 0.00 0.09 0.00 -0.03 0.05
生殖器 0.02 -0.06 -0.04 -0.08 0.11
月 -0.02 0.02 0.07 0.09 -0.15
出去 -0.02 0.05 0.03 0.01 -0.04
巨大 -0.02 0.05 0.03 0.01 -0.04
重複 -0.02 0.02 0.07 0.09 -0.15
掉落 0.03 -0.01 0.05 0.03 -0.13
通道 -0.02 0.05 0.03 0.01 -0.04
散步 0.03 -0.01 0.05 0.03 -0.13
主任 0.06 0.07 0.04 0.01 0.04
繼任 0.09 0.08 0.03 0.03 -0.03
搖滾 -0.03 0.07 0.03 -0.01 -0.05
清理 -0.01 -0.02 0.04 0.06 -0.15
安息 0.00 0.03 0.00 -0.06 0.07
訃文 -0.02 -0.04 -0.02 -0.06 0.05
訃告 -0.02 -0.04 -0.02 -0.06 0.05
