互相 0.00 0.00 0.00 0.00 0.00
對於 0.00 0.06 0.04 0.08 -0.04
比賽 0.05 0.07 0.05 -0.03 -0.03
和諧 0.07 0.00 0.00 -0.08 0.10
昏沉 0.00 -0.25 -0.15 -0.17 0.08
想念 0.10 0.00 0.01 -0.04 0.06
憂傷 0.00 -0.37 -0.15 -0.16 0.07
憐惜 0.03 -0.07 -0.04 -0.06 0.04
操勞 -0.01 -0.39 -0.12 -0.12 0.04
封箱 -0.06 0.00 -0.04 -0.08 0.06
停步 -0.06 0.00 -0.04 -0.08 0.06
創立 0.01 -0.04 -0.03 -0.08 -0.10
截然 0.02 -0.03 0.01 -0.02 0.06
環狀 0.00 0.09 0.00 -0.03 0.05
壯陽藥 0.00 0.00 0.00 0.00 0.00
呼吸 -0.05 -0.04 -0.04 -0.04 0.02
頭腦 -0.05 -0.04 -0.04 -0.04 0.02
藥片 0.00 0.00 0.00 0.00 0.00
今晚 -0.02 0.02 0.07 0.09 -0.15
物換星移 -0.02 0.02 0.07 0.09 -0.15
報告 0.06 0.07 0.04 0.01 0.04
董事 0.06 0.07 0.04 0.01 0.04
調任 0.06 0.07 0.04 0.01 0.04
論點 0.06 0.07 0.04 0.01 0.04
歸併 0.06 0.07 0.04 0.01 0.04
音響 -0.03 0.07 0.03 -0.01 -0.05
盥洗室 -0.01 -0.02 0.04 0.06 -0.15
神通 0.00 0.03 0.00 -0.06 0.07
慈濟 0.00 0.03 0.00 -0.06 0.07
