三 -0.03 0.05 -0.03 -0.02 -0.06
四兆 -0.03 0.05 -0.03 -0.02 -0.06
明 -0.02 0.01 0.02 0.07 -0.04
哩 -0.02 0.05 0.03 0.01 -0.04
同意 0.15 -0.01 0.01 -0.19 0.19
活 -0.02 -0.04 -0.02 -0.06 0.05
仇恨 0.05 -0.33 -0.29 -0.33 0.16
天堂 0.10 0.03 0.01 -0.10 0.13
煩惱 -0.04 -0.59 -0.28 -0.25 0.09
延期 -0.08 0.02 0.03 0.01 -0.09
意念 -0.04 -0.03 -0.02 -0.09 0.07
光滑 -0.01 -0.09 0.04 0.02 -0.04
唾液 -0.05 -0.04 -0.04 -0.04 0.02
鼻子 -0.05 -0.04 -0.04 -0.04 0.02
病 0.00 0.00 0.00 0.00 0.00
黏液 -0.05 -0.04 -0.04 -0.04 0.02
當代 -0.02 0.02 0.07 0.09 -0.15
驅使 0.06 0.00 0.04 0.05 -0.20
合作 0.06 0.07 0.04 0.01 0.04
期中考 0.06 0.07 0.04 0.01 0.04
製造業 0.06 0.07 0.04 0.01 0.04
論文 0.06 0.07 0.04 0.01 0.04
對策 0.03 0.01 -0.01 0.02 -0.07
海濱 -0.03 0.07 0.03 -0.01 -0.05
隨身聽 -0.03 0.07 0.03 -0.01 -0.05
覽車 -0.03 0.07 0.03 -0.01 -0.05
烤爐 -0.01 -0.02 0.04 0.06 -0.15
支出 0.00 0.00 0.00 0.00 0.00
