毋須 -0.08 -0.12 -0.11 -0.07 0.01
必 0.00 0.00 0.00 0.00 0.00
正在 -0.02 -0.10 0.06 0.06 -0.24
從不 -0.08 -0.13 -0.03 0.00 -0.08
父 0.13 -0.05 0.11 0.02 -0.05
封建 0.08 0.00 0.02 -0.02 0.02
爺爺 0.13 -0.05 0.11 0.02 -0.05
義父 0.13 -0.05 0.11 0.02 -0.05
疑問 -0.02 -0.04 -0.03 -0.17 0.14
生氣勃勃 0.10 0.00 0.01 -0.04 0.06
虛榮心 0.03 -0.07 -0.04 -0.06 0.04
違規 -0.06 -0.25 -0.19 -0.25 0.14
震驚 -0.01 -0.51 -0.12 -0.11 0.03
分類 -0.04 -0.03 -0.02 -0.09 0.07
擾亂 -0.03 -0.02 -0.02 -0.06 0.02
寂靜 -0.03 0.00 -0.01 -0.04 0.04
手肘 -0.05 -0.04 -0.04 -0.04 0.02
高血壓 0.00 0.00 0.00 0.00 0.00
腳趾甲 -0.05 -0.04 -0.04 -0.04 0.02
攝入 0.00 0.00 0.00 0.00 0.00
粉筆 0.06 0.07 0.04 0.01 0.04
勝任 0.09 0.08 0.03 0.03 -0.03
遣散 0.06 0.07 0.04 0.01 0.04
證書 0.06 0.07 0.04 0.01 0.04
核准 0.03 0.01 -0.01 0.02 -0.07
影碟 -0.03 0.07 0.03 -0.01 -0.05
香油 0.00 0.03 0.00 -0.06 0.07
