先於 -0.02 0.08 0.11 0.17 -0.19
多餘 0.00 -0.37 -0.15 -0.16 0.07
著 0.00 -0.12 -0.01 -0.03 -0.09
嗯 -0.02 0.03 0.01 -0.09 0.06
出現 -0.02 0.02 0.06 -0.02 -0.15
見 0.00 0.09 0.00 -0.03 0.05
接觸 0.07 -0.09 0.06 0.00 -0.02
劣 0.00 -0.25 -0.15 -0.17 0.08
受傷 -0.01 -0.51 -0.12 -0.11 0.03
頑固 -0.03 -0.33 -0.31 -0.31 0.14
蹂躪 -0.03 -0.45 -0.31 -0.30 0.13
某物 -0.09 -0.03 -0.05 -0.12 0.07
試驗 -0.03 0.04 -0.01 -0.11 0.11
光源 0.00 0.09 0.00 -0.03 0.05
油膩 0.00 0.00 0.00 0.00 0.00
彈性 -0.01 -0.09 0.04 0.02 -0.04
擦 -0.02 -0.11 0.08 0.08 -0.19
肌腱 -0.05 -0.04 -0.04 -0.04 0.02
唇 -0.05 -0.04 -0.04 -0.04 0.02
腰 -0.05 -0.04 -0.04 -0.04 0.02
英吋 -0.02 0.05 0.03 0.01 -0.04
質量 -0.02 0.05 0.03 0.01 -0.04
裁員 0.06 0.07 0.04 0.01 0.04
數學 0.06 0.07 0.04 0.01 0.04
級別 0.03 0.01 -0.01 0.02 -0.07
卡通 -0.03 0.07 0.03 -0.01 -0.05
店 -0.03 0.07 0.03 -0.01 -0.05
