沒想 -0.08 -0.12 -0.11 -0.07 0.01
搭訕 0.05 0.07 0.05 -0.03 -0.03
打敗 0.06 -0.25 -0.28 -0.28 0.11
恐慌 -0.01 -0.39 -0.12 -0.12 0.04
迷戀 0.03 -0.07 -0.04 -0.06 0.04
麻木 -0.05 -0.29 -0.19 -0.21 0.10
結巴 0.03 -0.07 -0.04 -0.06 0.04
愛慕 0.10 0.00 0.01 -0.04 0.06
毀損 -0.03 -0.33 -0.31 -0.31 0.14
獎杯 0.13 0.01 0.00 -0.02 -0.01
錯誤 -0.03 -0.27 -0.17 -0.23 0.10
每次 0.06 -0.04 0.04 0.02 0.03
託付 -0.03 -0.02 -0.02 -0.06 0.02
聒噪 -0.03 0.00 -0.01 -0.04 0.04
退燒藥 0.00 0.00 0.00 0.00 0.00
長期 -0.02 0.02 0.07 0.09 -0.15
阻擋 0.03 -0.01 0.05 0.03 -0.13
歲末 -0.02 0.02 0.07 0.09 -0.15
退休 0.06 0.07 0.04 0.01 0.04
夯 0.03 0.01 -0.01 0.02 -0.07
家務 -0.01 -0.02 0.04 0.06 -0.15
儲存 0.00 0.00 0.00 0.00 0.00
閻王 0.00 0.03 0.00 -0.06 0.07
