不快 -0.08 -0.12 -0.11 -0.07 0.01
以後 -0.04 0.03 0.09 0.16 -0.19
可以 -0.08 -0.01 -0.05 -0.16 0.11
東西 0.07 -0.12 0.04 0.02 -0.06
然後 -0.08 0.01 0.06 -0.02 -0.11
結束 -0.08 0.02 0.03 0.01 -0.09
米田共 -0.01 0.00 -0.14 -0.11 0.08
會面 0.08 0.00 0.02 -0.02 0.02
親屬 0.13 -0.05 0.11 0.02 -0.05
毛骨悚然 0.00 -0.25 -0.15 -0.17 0.08
卑鄙 -0.03 -0.33 -0.31 -0.31 0.14
潔淨 0.10 0.00 0.01 -0.04 0.06
獎品 0.19 0.08 0.04 -0.01 0.03
思想 -0.04 -0.03 -0.02 -0.09 0.07
調解 -0.04 -0.03 -0.02 -0.09 0.07
味覺 0.00 0.00 0.00 0.00 0.00
相片 0.00 0.09 0.00 -0.03 0.05
微弱 -0.01 -0.09 0.04 0.02 -0.04
水 0.01 0.02 0.00 -0.04 0.04
自助餐 0.06 0.07 0.04 0.01 0.04
瘀 0.00 0.00 0.00 0.00 0.00
截肢 0.00 0.00 0.00 0.00 0.00
三月 -0.02 0.02 0.07 0.09 -0.15
中元節 -0.02 0.02 0.07 0.09 -0.15
天天 -0.02 0.02 0.07 0.09 -0.15
奔 0.03 -0.01 0.05 0.03 -0.13
時機 0.01 0.03 0.06 0.11 -0.22
常見 -0.02 0.02 0.07 0.09 -0.15
躍 0.03 -0.01 0.05 0.03 -0.13
市長 0.06 0.07 0.04 0.01 0.04
行業 0.06 0.07 0.04 0.01 0.04
退職 0.06 0.07 0.04 0.01 0.04
報酬 0.09 0.08 0.03 0.03 -0.03
中等 0.03 0.01 -0.01 0.02 -0.07
運動會 -0.03 0.07 0.03 -0.01 -0.05
橄欖球 -0.03 0.07 0.03 -0.01 -0.05
吸塵器 -0.01 -0.02 0.04 0.06 -0.15
借款 0.00 0.00 0.00 0.00 0.00
希臘正教 0.00 0.03 0.00 -0.06 0.07
奠儀 -0.02 -0.04 -0.02 -0.06 0.05
