不見 -0.08 -0.12 -0.11 -0.07 0.01
否決 -0.14 -0.12 -0.15 -0.15 0.07
約 0.00 0.00 0.00 0.00 0.00
豈不 -0.08 -0.12 -0.11 -0.07 0.01
機車 -0.01 0.00 -0.14 -0.11 0.08
平民 0.12 -0.02 -0.01 -0.10 0.06
心碎 0.00 -0.37 -0.15 -0.16 0.07
火熱 0.03 -0.07 -0.04 -0.06 0.04
依戀 0.10 0.00 0.01 -0.04 0.06
俗氣 0.00 -0.25 -0.15 -0.17 0.08
哀求 0.00 -0.37 -0.15 -0.16 0.07
極樂 0.10 0.03 0.01 -0.10 0.13
義 0.10 0.00 0.01 -0.04 0.06
保有 -0.06 0.00 -0.04 -0.08 0.06
無解 -0.03 -0.02 -0.02 -0.06 0.02
談及 -0.04 -0.03 -0.02 -0.09 0.07
目擊 0.00 0.09 0.00 -0.03 0.05
上床 0.07 -0.02 0.00 -0.04 0.09
油炸 0.00 0.00 0.00 0.00 0.00
胃痛 0.00 0.00 0.00 0.00 0.00
情慾 0.02 -0.06 -0.04 -0.08 0.11
重覆 -0.02 0.02 0.07 0.09 -0.15
鄰近 -0.02 0.05 0.03 0.01 -0.04
呈現 0.06 0.07 0.04 0.01 0.04
住戶 -0.01 -0.02 0.04 0.06 -0.15
阿門 0.00 0.03 0.00 -0.06 0.07
