兩千 -0.03 0.05 -0.03 -0.02 -0.06
彼此 0.15 -0.12 0.06 0.00 -0.04
陸續 0.00 0.00 0.00 0.00 0.00
使用 -0.02 -0.05 -0.02 -0.10 -0.03
未婚夫 0.14 -0.04 0.04 -0.01 -0.10
忐忑 -0.10 -0.42 -0.17 -0.24 0.11
侵佔 0.00 -0.25 -0.15 -0.17 0.08
奚落 -0.03 -0.33 -0.31 -0.31 0.14
真相 0.05 -0.10 -0.03 -0.08 0.10
惡毒 0.00 -0.25 -0.15 -0.17 0.08
無關緊要 0.00 -0.09 -0.06 -0.12 0.06
搏鬥 0.00 -0.25 -0.15 -0.17 0.08
違抗 -0.06 -0.25 -0.19 -0.25 0.14
疑惑 -0.10 -0.42 -0.17 -0.24 0.11
斷然 -0.04 -0.03 -0.02 -0.09 0.07
闡明 -0.04 -0.03 -0.02 -0.09 0.07
午飯 0.00 0.00 0.00 0.00 0.00
汗水 -0.05 -0.04 -0.04 -0.04 0.02
神經元 -0.05 -0.04 -0.04 -0.04 0.02
腮幫子 -0.05 -0.04 -0.04 -0.04 0.02
時下 -0.02 0.02 0.07 0.09 -0.15
深厚 0.00 0.00 0.00 0.00 0.00
利息 0.06 0.07 0.04 0.01 0.04
院長 0.06 0.07 0.04 0.01 0.04
用心 0.03 0.01 -0.01 0.02 -0.07
奮發 0.03 0.01 -0.01 0.02 -0.07
芭蕾 -0.03 0.07 0.03 -0.01 -0.05
寢室 -0.01 -0.02 0.04 0.06 -0.15
批發商 0.00 0.00 0.00 0.00 0.00
票據 0.00 0.00 0.00 0.00 0.00
印度教 0.00 0.03 0.00 -0.06 0.07
法王 0.00 0.03 0.00 -0.06 0.07
往生 -0.02 -0.04 -0.02 -0.06 0.05
