一千 -0.03 0.05 -0.03 -0.02 -0.06
八 -0.03 0.05 -0.03 -0.02 -0.06
八萬 -0.03 0.05 -0.03 -0.02 -0.06
更加 0.00 0.00 0.00 0.00 0.00
狗屁 -0.04 -0.33 -0.45 -0.42 0.22
公婆 0.13 -0.05 0.11 0.02 -0.05
基層 0.08 0.00 0.02 -0.02 0.02
戲弄 0.08 -0.25 -0.13 -0.19 0.10
任性 0.00 -0.25 -0.15 -0.17 0.08
弄痛 0.00 -0.37 -0.15 -0.16 0.07
狂熱 0.00 -0.25 -0.15 -0.17 0.08
迴避 0.00 -0.25 -0.15 -0.17 0.08
強力 0.03 -0.07 -0.04 -0.06 0.04
悲歡 0.03 -0.07 -0.04 -0.06 0.04
愁 -0.01 -0.51 -0.12 -0.11 0.03
憂煩 -0.01 -0.39 -0.12 -0.12 0.04
質疑 0.08 -0.02 -0.03 -0.12 0.08
擔保 0.00 -0.09 -0.06 -0.12 0.06
嚴厲 -0.09 -0.33 -0.35 -0.39 0.20
但願 -0.09 -0.03 -0.05 -0.12 0.07
推理 -0.03 -0.06 -0.02 -0.13 0.02
勸阻 -0.06 0.00 -0.04 -0.08 0.06
議 -0.04 -0.03 -0.02 -0.09 0.07
呼聲 -0.03 0.00 -0.01 -0.04 0.04
芳香 0.00 0.00 0.00 0.00 0.00
雪白 0.00 0.09 0.00 -0.03 0.05
早餐 0.00 0.00 0.00 0.00 0.00
服裝 -0.05 -0.04 -0.04 -0.04 0.02
時代 -0.02 0.02 0.07 0.09 -0.15
大學 0.06 0.07 0.04 0.01 0.04
公文 0.06 0.07 0.04 0.01 0.04
學生 0.06 0.07 0.04 0.01 0.04
誘因 0.03 0.01 -0.01 0.02 -0.07
足球 -0.03 0.07 0.03 -0.01 -0.05
心經 0.00 0.03 0.00 -0.06 0.07
帶孝 -0.02 -0.04 -0.02 -0.06 0.05
喪葬 -0.02 -0.04 -0.02 -0.06 0.05
