仍 -0.02 0.02 0.07 0.09 -0.15
反正 0.00 0.00 0.00 0.00 0.00
即將 -0.02 0.01 0.02 0.07 -0.04
從前 -0.02 0.02 0.07 0.09 -0.15
這 0.07 -0.12 0.04 0.02 -0.06
期望 0.01 -0.03 -0.04 -0.16 0.13
呸 -0.04 -0.33 -0.45 -0.42 0.22
花癡 -0.01 0.00 -0.14 -0.11 0.08
子孫 0.08 0.00 0.02 -0.02 0.02
鬥爭 0.05 -0.33 -0.29 -0.33 0.16
安逸 0.00 0.00 -0.01 -0.07 -0.01
奇怪 0.00 -0.25 -0.15 -0.17 0.08
英俊 0.10 0.00 0.01 -0.04 0.06
慷慨 0.10 0.00 0.01 -0.04 0.06
樂不 0.10 0.00 0.01 -0.04 0.06
獎金 0.13 0.01 0.00 -0.02 -0.01
獨自 0.03 -0.07 -0.04 -0.06 0.04
封閉 -0.08 0.05 -0.01 -0.07 0.02
實話 0.02 -0.03 0.01 -0.02 0.06
柔和 -0.01 -0.09 0.04 0.02 -0.04
閃爍 0.00 0.09 0.00 -0.03 0.05
嗡嗡 -0.03 0.00 -0.01 -0.04 0.04
零散 -0.01 -0.09 0.04 0.02 -0.04
裸體 0.02 -0.06 -0.04 -0.08 0.11
正午 -0.02 0.02 0.07 0.09 -0.15
範圍 -0.02 0.05 0.03 0.01 -0.04
調動 0.09 0.06 0.09 0.04 -0.09
宿舍 0.05 0.05 0.08 0.07 -0.11
陸軍 0.06 0.07 0.04 0.01 0.04
草地 -0.01 -0.02 0.04 0.06 -0.15
壁爐 -0.01 -0.02 0.04 0.06 -0.15
哀悼 -0.02 -0.04 -0.02 -0.06 0.05
