哇 0.04 -0.05 -0.04 -0.10 0.08
無關 -0.11 -0.14 -0.13 -0.13 0.03
對方 0.15 -0.12 0.06 0.00 -0.04
明白 0.10 -0.02 0.03 -0.11 0.17
貢獻 0.10 0.00 0.01 -0.04 0.06
安心 0.18 0.00 0.03 -0.06 0.08
助手 0.20 0.03 0.08 0.00 -0.06
抱怨 0.02 -0.35 -0.31 -0.39 0.18
拜訪 0.11 -0.01 0.07 0.01 -0.11
婦女 0.13 -0.05 0.11 0.02 -0.05
談論 0.05 0.00 0.01 -0.06 0.06
灰心 0.00 -0.37 -0.15 -0.16 0.07
知足 0.10 0.00 0.01 -0.04 0.06
霉運 0.00 -0.25 -0.15 -0.17 0.08
諷刺 -0.03 -0.33 -0.31 -0.31 0.14
牢固 -0.07 -0.09 0.00 -0.06 0.02
頓悟 -0.04 -0.03 -0.02 -0.09 0.07
手術 0.00 0.00 0.00 0.00 0.00
腫瘤 0.00 0.00 0.00 0.00 0.00
腸胃 -0.05 -0.04 -0.04 -0.04 0.02
頭暈目眩 0.00 0.00 0.00 0.00 0.00
大廳 -0.02 0.05 0.03 0.01 -0.04
悠久 -0.02 0.02 0.07 0.09 -0.15
鉛筆 0.06 0.07 0.04 0.01 0.04
嫻熟 0.03 0.01 -0.01 0.02 -0.07
印度 0.00 0.03 0.00 -0.06 0.07
鬼魅 0.00 0.03 0.00 -0.06 0.07
