不假 -0.08 -0.12 -0.11 -0.07 0.01
不清 -0.17 -0.15 -0.16 -0.19 0.08
片段 -0.02 0.05 0.03 0.01 -0.04
如果 -0.10 -0.01 -0.07 -0.13 0.14
來 0.04 -0.04 0.06 0.01 -0.14
部份 -0.09 -0.03 -0.05 -0.12 0.07
雜種 -0.01 0.00 -0.14 -0.11 0.08
人群 0.12 -0.02 -0.01 -0.10 0.06
社區 0.08 0.00 0.02 -0.02 0.02
詛咒 0.05 -0.33 -0.29 -0.33 0.16
罪惡 -0.01 -0.36 -0.12 -0.18 0.11
主宰 -0.03 0.01 -0.05 -0.06 -0.01
決議 -0.04 -0.03 -0.02 -0.09 0.07
延遲 -0.02 0.09 0.07 0.02 -0.05
起源 -0.04 -0.03 0.05 -0.01 -0.18
調節 -0.04 -0.03 -0.02 -0.09 0.07
復原 0.00 0.00 0.00 0.00 0.00
頭皮 -0.05 -0.04 -0.04 -0.04 0.02
形狀 -0.02 0.05 0.03 0.01 -0.04
講授 0.06 0.07 0.04 0.01 0.04
睡椅 -0.01 -0.02 0.04 0.06 -0.15
現款 0.00 0.00 0.00 0.00 0.00
天國 0.00 0.03 0.00 -0.06 0.07
修道院 0.00 0.03 0.00 -0.06 0.07
