九萬 -0.03 0.05 -0.03 -0.02 -0.06
不多 -0.08 -0.12 -0.11 -0.07 0.01
足夠 0.00 -0.09 -0.06 -0.12 0.06
無寧 -0.08 -0.06 -0.07 0.01 -0.03
當年 0.00 0.00 0.00 0.00 0.00
罷了 0.00 0.00 0.00 0.00 0.00
喜愛 0.18 0.00 0.03 -0.06 0.08
奶爸 0.13 -0.05 0.11 0.02 -0.05
信心 0.15 0.01 0.01 -0.10 0.12
疲乏 0.00 -0.25 -0.15 -0.17 0.08
益處 0.10 0.00 0.01 -0.04 0.06
徘徊 -0.09 -0.28 -0.20 -0.29 0.15
淘氣 0.03 -0.07 -0.04 -0.06 0.04
甜密 0.10 0.00 0.01 -0.04 0.06
訴苦 0.00 -0.25 -0.15 -0.17 0.08
遺憾 0.00 -0.37 -0.15 -0.16 0.07
祝 -0.03 -0.02 -0.02 -0.06 0.02
憶起 0.00 0.00 0.00 0.00 0.00
腳後跟 -0.05 -0.04 -0.04 -0.04 0.02
年底 -0.02 0.02 0.07 0.09 -0.15
乘坐 0.03 -0.01 0.05 0.03 -0.13
街角 -0.02 0.05 0.03 0.01 -0.04
預先 -0.02 0.02 0.07 0.09 -0.15
公會 0.06 0.07 0.04 0.01 0.04
考試 0.06 0.07 0.04 0.01 0.04
委員長 0.06 0.07 0.04 0.01 0.04
經紀人 0.06 0.07 0.04 0.01 0.04
署 0.06 0.07 0.04 0.01 0.04
鋼筆 0.06 0.07 0.04 0.01 0.04
精通 0.03 0.01 -0.01 0.02 -0.07
拖地 -0.01 -0.02 0.04 0.06 -0.15
賒欠 0.00 0.00 0.00 0.00 0.00
銷售 0.00 0.00 0.00 0.00 0.00
償還 0.00 0.00 0.00 0.00 0.00
私刑 -0.02 -0.04 -0.02 -0.06 0.05
