不辭 -0.08 -0.12 -0.11 -0.07 0.01
多半 0.00 0.00 0.00 0.00 0.00
信賴 0.23 0.05 0.04 -0.12 0.12
參加 0.11 -0.01 0.07 0.01 -0.11
枉然 0.00 -0.25 -0.15 -0.17 0.08
對質 -0.03 -0.33 -0.31 -0.31 0.14
驚恐 -0.01 -0.39 -0.12 -0.12 0.04
使得 -0.02 -0.05 -0.02 -0.10 -0.03
計算 0.02 0.04 0.02 -0.08 0.11
砥 -0.06 0.00 -0.04 -0.08 0.06
綑 -0.06 0.00 -0.04 -0.08 0.06
賭注 -0.09 -0.03 -0.05 -0.12 0.07
合唱 -0.06 0.07 0.02 -0.05 -0.01
吶喊 -0.03 0.00 -0.01 -0.04 0.04
嗅 0.00 0.00 0.00 0.00 0.00
逼真 0.00 0.09 0.00 -0.03 0.05
聽障 -0.03 0.00 -0.01 -0.04 0.04
心跳 0.00 0.00 0.00 0.00 0.00
肉 -0.05 -0.04 -0.04 -0.04 0.02
精液 0.07 -0.02 0.00 -0.04 0.09
躁鬱症 0.00 0.00 0.00 0.00 0.00
右方 -0.02 0.05 0.03 0.01 -0.04
領土 -0.02 0.05 0.03 0.01 -0.04
收發室 0.06 0.07 0.04 0.01 0.04
存活 0.03 0.01 -0.01 0.02 -0.07
離職 0.03 0.01 -0.01 0.02 -0.07
打坐 -0.03 0.10 0.03 -0.07 0.02
商店 -0.03 0.07 0.03 -0.01 -0.05
影片 -0.03 0.07 0.03 -0.01 -0.05
居士 0.00 0.03 0.00 -0.06 0.07
