大家 0.21 -0.17 0.04 -0.10 0.06
不瞞 -0.08 -0.12 -0.11 -0.07 0.01
只 -0.04 0.00 -0.04 -0.07 0.09
沒出息 -0.08 -0.12 -0.11 -0.07 0.01
或許 -0.09 -0.03 -0.05 -0.12 0.07
哦 0.01 0.02 0.00 -0.04 0.04
祖父 0.13 -0.05 0.11 0.02 -0.05
通話 0.08 0.00 0.02 -0.02 0.02
漂亮 0.11 0.11 0.01 -0.11 0.15
校正 -0.08 -0.06 -0.05 -0.16 0.02
裁決 -0.04 -0.03 -0.02 -0.09 0.07
避而不談 -0.06 0.00 -0.04 -0.08 0.06
擴充 0.01 -0.03 0.01 -0.02 -0.01
亮 0.00 0.09 0.00 -0.03 0.05
歌 -0.06 0.07 0.02 -0.05 -0.01
疣 0.00 0.00 0.00 0.00 0.00
潰瘍 0.00 0.00 0.00 0.00 0.00
一時 -0.02 0.02 0.07 0.09 -0.15
北面 -0.02 0.05 0.03 0.01 -0.04
更換 0.03 -0.01 0.05 0.03 -0.13
跳 0.03 -0.01 0.05 0.03 -0.13
寬 -0.02 0.05 0.03 0.01 -0.04
委員會 0.06 0.07 0.04 0.01 0.04
訂約 0.06 0.07 0.04 0.01 0.04
參謀 0.06 0.07 0.04 0.01 0.04
單據 0.06 0.07 0.04 0.01 0.04
稅金 0.06 0.07 0.04 0.01 0.04
職員 0.06 0.07 0.04 0.01 0.04
爐 -0.01 -0.02 0.04 0.06 -0.15
學費 0.00 0.00 0.00 0.00 0.00
金紙 0.00 0.03 0.00 -0.06 0.07
