無可 -0.08 -0.12 -0.11 -0.07 0.01
週 -0.02 0.02 0.07 0.09 -0.15
需 0.00 0.00 0.00 0.00 0.00
白目 0.02 -0.07 -0.18 -0.17 0.12
同輩 0.08 0.00 0.02 -0.02 0.02
乾弟 0.13 -0.05 0.11 0.02 -0.05
義女 0.13 -0.05 0.11 0.02 -0.05
光亮 0.10 0.09 0.01 -0.07 0.11
哀號 0.00 -0.37 -0.15 -0.16 0.07
福氣 0.10 0.00 0.01 -0.04 0.06
窮困 -0.01 -0.51 -0.12 -0.11 0.03
驕傲 0.06 -0.06 -0.05 -0.04 -0.03
自制 -0.06 0.00 -0.04 -0.08 0.06
規定 -0.06 0.00 -0.04 -0.08 0.06
解答 -0.04 -0.03 -0.02 -0.09 0.07
遺忘 -0.04 0.00 -0.04 -0.07 0.09
觸動 -0.02 -0.05 -0.02 -0.10 -0.03
鐵證如山 0.02 -0.03 0.01 -0.02 0.06
受孕 0.00 0.00 0.00 0.00 0.00
激素 0.00 0.00 0.00 0.00 0.00
世代 -0.02 0.02 0.07 0.09 -0.15
外在 0.00 0.00 0.00 0.00 0.00
有關 0.00 0.00 0.00 0.00 0.00
計時 -0.02 0.02 0.07 0.09 -0.15
朝向 0.01 0.04 0.08 0.04 -0.17
矮小 -0.02 0.05 0.03 0.01 -0.04
領先 0.03 0.01 -0.01 0.02 -0.07
COSPLAY -0.03 0.07 0.03 -0.01 -0.05
象棋 -0.03 0.07 0.03 -0.01 -0.05
神桌 -0.01 -0.02 0.04 0.06 -0.15
悲心 0.00 0.03 0.00 -0.06 0.07
