不利 -0.08 -0.37 -0.26 -0.24 0.09
不忍 -0.08 -0.12 -0.11 -0.07 0.01
快速 -0.02 0.02 0.07 0.09 -0.15
甚至 0.00 0.00 0.00 0.00 0.00
養父 0.13 -0.05 0.11 0.02 -0.05
歸咎 0.06 -0.30 -0.15 -0.29 0.07
上當 -0.03 -0.33 -0.31 -0.31 0.14
作弊 -0.03 -0.33 -0.31 -0.31 0.14
嫌 -0.03 -0.33 -0.31 -0.31 0.14
熱淚盈眶 0.03 -0.07 -0.04 -0.06 0.04
纏身 -0.06 -0.25 -0.19 -0.25 0.14
顧慮 -0.13 -0.40 -0.19 -0.26 0.15
一再 0.00 -0.01 0.08 0.07 -0.09
判決 0.02 0.04 0.02 -0.08 0.11
事實 0.02 -0.03 0.01 -0.02 0.06
削減 -0.06 0.00 -0.04 -0.08 0.06
費解 -0.04 -0.03 -0.02 -0.09 0.07
感受 -0.04 -0.03 -0.02 -0.09 0.07
轟隆 -0.03 0.00 -0.01 -0.04 0.04
登陸 -0.02 0.05 0.03 0.01 -0.04
輓聯 -0.02 -0.04 -0.02 -0.06 0.05
