已經 -0.02 0.02 0.07 0.09 -0.15
件 0.00 0.00 0.00 0.00 0.00
兩萬 -0.03 0.05 -0.03 -0.02 -0.06
處 0.04 0.12 0.07 0.02 0.00
絕非 -0.08 -0.12 -0.11 -0.07 0.01
變成 0.01 -0.06 0.03 -0.07 -0.16
召喚 0.08 0.00 0.02 -0.02 0.02
爹 0.13 -0.05 0.11 0.02 -0.05
評論 0.14 0.07 0.06 -0.01 0.06
慶祝 0.21 0.01 0.02 -0.04 0.01
反抗 -0.03 -0.33 -0.31 -0.31 0.14
苦惱 -0.04 -0.53 -0.14 -0.17 0.05
破滅 0.00 -0.37 -0.15 -0.16 0.07
殺 -0.05 -0.37 -0.33 -0.37 0.19
費力 0.00 -0.25 -0.15 -0.17 0.08
感傷 0.00 -0.37 -0.15 -0.16 0.07
毀傷 -0.03 -0.45 -0.31 -0.30 0.13
尷尬 -0.01 -0.39 -0.12 -0.12 0.04
寧可 0.01 -0.03 0.01 -0.02 -0.01
大聲 -0.03 0.00 -0.01 -0.04 0.04
酸痛 -0.01 -0.09 0.04 0.02 -0.04
幻視 0.00 0.00 0.00 0.00 0.00
正餐 0.00 0.00 0.00 0.00 0.00
遠視 0.00 0.00 0.00 0.00 0.00
鏈球菌 0.00 0.00 0.00 0.00 0.00
城市 -0.02 0.05 0.03 0.01 -0.04
工會 0.06 0.07 0.04 0.01 0.04
力量 0.03 0.01 -0.01 0.02 -0.07
趕過 0.03 0.01 -0.01 0.02 -0.07
天主教堂 0.00 0.03 0.00 -0.06 0.07
