人家 0.20 -0.27 0.11 0.04 -0.18
不准 -0.14 -0.37 -0.30 -0.32 0.15
段 0.00 0.00 0.00 0.00 0.00
起初 -0.02 0.02 0.07 0.09 -0.15
雙倍 0.00 0.00 0.00 0.00 0.00
協助 0.18 0.00 0.03 -0.06 0.08
夭壽 -0.01 0.00 -0.14 -0.11 0.08
外子 0.13 -0.05 0.11 0.02 -0.05
老百姓 0.12 -0.02 -0.01 -0.10 0.06
喜好 0.08 0.00 0.02 -0.02 0.02
利己 0.03 -0.07 -0.04 -0.06 0.04
柔順 0.03 -0.07 -0.04 -0.06 0.04
哭喊 0.00 -0.37 -0.15 -0.16 0.07
殺死 -0.05 -0.37 -0.33 -0.37 0.19
尊貴 0.10 0.00 0.01 -0.04 0.06
渴求 0.00 -0.09 -0.06 -0.12 0.06
魄力 0.10 0.00 0.01 -0.04 0.06
親吻 0.17 -0.02 0.01 -0.08 0.15
反映 -0.04 -0.03 -0.02 -0.09 0.07
保佑 -0.06 0.03 -0.04 -0.14 0.13
張開 -0.01 0.02 0.04 -0.01 -0.05
發起 0.01 -0.04 -0.03 -0.08 -0.10
懲戒 -0.06 0.00 -0.04 -0.08 0.06
圖 0.00 0.09 0.00 -0.03 0.05
觸摸 -0.01 -0.09 0.04 0.02 -0.04
傷口 0.00 0.00 0.00 0.00 0.00
上午 -0.02 0.02 0.07 0.09 -0.15
逃生 0.03 -0.01 0.05 0.03 -0.13
平凡 0.03 0.01 -0.01 0.02 -0.07
小說 -0.03 0.07 0.03 -0.01 -0.05
靜坐 -0.03 0.10 0.03 -0.07 0.02
帷幔 -0.01 -0.02 0.04 0.06 -0.15
基督徒 0.00 0.03 0.00 -0.06 0.07
