台 0.00 0.00 0.00 0.00 0.00
那些 0.07 -0.12 0.04 0.02 -0.06
無趣 -0.08 -0.37 -0.26 -0.24 0.09
與 0.01 0.03 0.05 0.06 -0.05
文化 0.08 0.00 0.02 -0.02 0.02
客人 0.14 -0.04 0.04 -0.01 -0.10
小偷 0.00 -0.25 -0.15 -0.17 0.08
生氣 -0.03 -0.33 -0.31 -0.31 0.14
疑神 -0.01 -0.39 -0.12 -0.12 0.04
虧損 0.03 -0.36 -0.16 -0.14 0.00
意圖 0.00 -0.05 -0.03 -0.11 -0.05
早產 0.00 0.00 0.00 0.00 0.00
放射 0.00 0.00 0.00 0.00 0.00
胃灼熱 0.00 0.00 0.00 0.00 0.00
右邊 -0.02 0.05 0.03 0.01 -0.04
先 -0.02 0.02 0.07 0.09 -0.15
面積 -0.02 0.05 0.03 0.01 -0.04
外交 0.06 0.07 0.04 0.01 0.04
技藝 0.03 0.01 -0.01 0.02 -0.07
錄影 -0.03 0.07 0.03 -0.01 -0.05
特價品 0.00 0.00 0.00 0.00 0.00
銅板 0.00 0.00 0.00 0.00 0.00
