一些 -0.09 -0.03 -0.05 -0.12 0.07
不一定 -0.17 -0.15 -0.16 -0.19 0.08
少數 0.00 0.00 0.00 0.00 0.00
無情 -0.11 -0.45 -0.42 -0.38 0.15
談 0.08 0.00 0.02 -0.02 0.02
娘娘腔 -0.01 0.00 -0.14 -0.11 0.08
淚流滿面 0.00 -0.37 -0.15 -0.16 0.07
淹沒 -0.01 -0.39 -0.12 -0.12 0.04
猛烈 0.03 -0.07 -0.04 -0.06 0.04
緊繃 -0.01 -0.39 -0.12 -0.12 0.04
恍然大悟 -0.04 -0.03 -0.02 -0.09 0.07
意謂 -0.04 -0.03 -0.02 -0.09 0.07
斷定 -0.03 -0.06 -0.02 -0.13 0.02
口味 0.00 0.00 0.00 0.00 0.00
重 -0.01 -0.09 0.04 0.02 -0.04
幼小 -0.02 0.02 0.07 0.09 -0.15
早點 -0.02 0.02 0.07 0.09 -0.15
跳舞 0.00 0.06 0.08 0.02 -0.18
大三 0.06 0.07 0.04 0.01 0.04
外包 0.06 0.07 0.04 0.01 0.04
導師 0.06 0.07 0.04 0.01 0.04
劇院 -0.03 0.07 0.03 -0.01 -0.05
地契 -0.01 -0.02 0.04 0.06 -0.15
上帝 0.00 0.03 0.00 -0.06 0.07
鬼神 0.00 0.03 0.00 -0.06 0.07
