下來 0.00 0.00 0.00 0.00 0.00
共 0.00 0.00 0.00 0.00 0.00
無謂 0.00 0.00 0.00 0.00 0.00
僅 0.00 0.00 0.00 0.00 0.00
獨一無二 0.00 0.00 0.00 0.00 0.00
年輕人 0.08 0.00 0.02 -0.02 0.02
爭論 0.02 -0.35 -0.31 -0.39 0.18
音信 0.08 0.00 0.02 -0.02 0.02
碰面 0.06 0.05 0.05 -0.01 -0.02
慈悲 0.10 0.03 0.01 -0.10 0.13
嫵媚 0.10 0.00 0.01 -0.04 0.06
樂園 0.07 0.10 0.04 -0.11 0.08
操心 0.00 -0.25 -0.15 -0.17 0.08
優雅 0.10 0.00 0.01 -0.04 0.06
制 -0.06 0.00 -0.04 -0.08 0.06
責任 0.03 0.08 -0.01 -0.05 0.03
矩形 0.00 0.09 0.00 -0.03 0.05
點燃 0.00 0.09 0.00 -0.03 0.05
足 -0.05 -0.04 -0.04 -0.04 0.02
健康 -0.03 0.07 0.03 -0.01 -0.05
康復 0.00 0.00 0.00 0.00 0.00
下旬 -0.02 0.02 0.07 0.09 -0.15
年年 -0.02 0.02 0.07 0.09 -0.15
企劃 0.06 0.07 0.04 0.01 0.04
勞方 0.06 0.07 0.04 0.01 0.04
經濟 0.06 0.07 0.04 0.01 0.04
房客 -0.01 -0.02 0.04 0.06 -0.15
