不免 -0.08 -0.12 -0.11 -0.07 0.01
自 0.00 0.06 0.04 0.08 -0.04
但 0.00 0.00 0.00 0.00 0.00
但是 -0.04 0.00 -0.04 -0.07 0.09
接著 -0.02 0.02 0.07 0.09 -0.15
懺悔 0.04 0.00 0.00 -0.17 0.16
辛酸 0.00 -0.25 -0.15 -0.17 0.08
偷取 0.00 -0.25 -0.15 -0.17 0.08
戒律 -0.06 0.03 -0.04 -0.14 0.13
延誤 -0.02 0.09 0.07 0.02 -0.05
重要 0.00 -0.01 -0.03 -0.04 -0.05
訊問 -0.03 -0.02 -0.02 -0.06 0.02
區分 -0.04 -0.03 -0.02 -0.09 0.07
探索 0.05 0.03 0.07 -0.05 -0.02
想見 -0.04 -0.03 -0.02 -0.09 0.07
嚴謹 -0.06 0.00 -0.04 -0.08 0.06
灰色 0.00 0.09 0.00 -0.03 0.05
重量 -0.01 -0.09 0.04 0.02 -0.04
微光 0.00 0.09 0.00 -0.03 0.05
暴食 0.00 0.00 0.00 0.00 0.00
骷髏 -0.05 -0.04 -0.04 -0.04 0.02
世紀 -0.02 0.02 0.07 0.09 -0.15
目錄 0.06 0.07 0.04 0.01 0.04
紅利 0.09 0.08 0.03 0.03 -0.03
教條 0.00 0.03 0.00 -0.06 0.07
