二百 -0.03 0.05 -0.03 -0.02 -0.06
十分 -0.03 -0.02 -0.02 -0.06 0.02
面 0.00 0.00 0.00 0.00 0.00
嘿 0.09 0.02 0.02 -0.06 0.06
看到 0.00 0.00 0.00 0.00 0.00
帶領 0.04 -0.04 0.06 0.01 -0.14
迎娶 0.13 -0.05 0.11 0.02 -0.05
安全 0.10 0.00 0.01 -0.04 0.06
怪誕 0.00 -0.25 -0.15 -0.17 0.08
珍藏 0.10 0.00 0.01 -0.04 0.06
缺乏 -0.03 -0.27 -0.17 -0.23 0.10
笨 -0.03 -0.33 -0.31 -0.31 0.14
著迷 0.03 -0.07 -0.04 -0.06 0.04
詐騙 -0.03 -0.33 -0.31 -0.31 0.14
正常 -0.03 -0.02 -0.02 -0.06 0.02
持有 -0.06 0.00 -0.04 -0.08 0.06
致使 -0.02 -0.05 -0.02 -0.10 -0.03
激起 0.04 -0.04 -0.02 -0.10 0.11
證據 0.01 -0.04 0.01 -0.05 0.11
外表 0.00 0.09 0.00 -0.03 0.05
按摩 0.00 0.00 0.00 0.00 0.00
病徵 0.00 0.00 0.00 0.00 0.00
胳肢窩 -0.05 -0.04 -0.04 -0.04 0.02
碟子 0.00 0.00 0.00 0.00 0.00
糕點 0.00 0.00 0.00 0.00 0.00
擦傷 0.00 0.00 0.00 0.00 0.00
推動 0.09 0.06 0.09 0.04 -0.09
經線 -0.02 0.05 0.03 0.01 -0.04
目標 0.09 0.08 0.03 0.03 -0.03
服務台 0.06 0.07 0.04 0.01 0.04
嘻哈 -0.03 0.07 0.03 -0.01 -0.05
商機 0.00 0.00 0.00 0.00 0.00
人子 0.00 0.03 0.00 -0.06 0.07
冥紙 0.00 0.03 0.00 -0.06 0.07
