仍然 -0.02 0.02 0.07 0.09 -0.15
坪 0.00 0.00 0.00 0.00 0.00
錯過 0.03 -0.38 -0.10 -0.13 -0.06
人民 0.12 -0.02 -0.01 -0.10 0.06
古怪 0.00 -0.25 -0.15 -0.17 0.08
死對頭 0.00 -0.25 -0.15 -0.17 0.08
哀傷 -0.02 -0.41 -0.17 -0.22 0.12
威嚴 0.03 -0.07 -0.04 -0.06 0.04
柔軟 0.02 -0.16 0.00 -0.04 0.00
真理 0.12 -0.03 0.02 -0.06 0.12
更改 0.01 -0.06 0.03 -0.07 -0.16
觀賞 0.00 0.09 0.00 -0.03 0.05
可樂 0.00 0.00 0.00 0.00 0.00
拔罐 0.00 0.00 0.00 0.00 0.00
治癒 0.00 0.00 0.00 0.00 0.00
早期 -0.02 0.02 0.07 0.09 -0.15
空中 -0.02 0.05 0.03 0.01 -0.04
容量 -0.02 0.05 0.03 0.01 -0.04
高中 0.06 0.07 0.04 0.01 0.04
清單 0.06 0.07 0.04 0.01 0.04
顧問 0.06 0.07 0.04 0.01 0.04
家鄉 -0.01 -0.02 0.04 0.06 -0.15
