未來 -0.04 0.03 0.09 0.16 -0.19
何 0.00 0.00 0.00 0.00 0.00
沒有 -0.12 -0.12 -0.15 -0.14 0.10
里 0.00 0.00 0.00 0.00 0.00
某人 0.05 -0.13 -0.01 -0.13 0.10
與其 0.00 0.00 0.00 0.00 0.00
阻止 -0.03 -0.01 0.01 -0.05 -0.07
傾向 -0.11 0.02 -0.02 -0.11 0.03
聽 0.05 0.00 0.01 -0.06 0.06
聽到 0.05 0.00 0.01 -0.06 0.06
長官 0.12 -0.02 -0.01 -0.10 0.06
消息 0.08 0.00 0.02 -0.02 0.02
乾哥 0.13 -0.05 0.11 0.02 -0.05
莫逆之交 0.14 -0.04 0.04 -0.01 -0.10
娛樂 0.07 0.07 0.04 -0.05 0.01
禁止 -0.07 -0.39 -0.16 -0.20 0.10
詫異 0.03 -0.07 -0.04 -0.06 0.04
鄙 -0.03 -0.33 -0.31 -0.31 0.14
憂勞 -0.01 -0.39 -0.12 -0.12 0.04
確信 0.05 -0.10 -0.03 -0.08 0.10
引領 0.10 0.02 0.06 -0.04 -0.19
封裝 -0.06 0.00 -0.04 -0.08 0.06
準確 0.02 -0.03 0.01 -0.02 0.06
晴朗 0.00 0.09 0.00 -0.03 0.05
摩 -0.01 -0.09 0.04 0.02 -0.04
無垠 -0.02 0.02 0.07 0.09 -0.15
超過 -0.01 0.08 0.09 0.12 -0.26
漫長 -0.02 0.02 0.07 0.09 -0.15
濃密 -0.02 0.05 0.03 0.01 -0.04
合夥人 0.06 0.07 0.04 0.01 0.04
專題 0.06 0.07 0.04 0.01 0.04
運算 0.06 0.07 0.04 0.01 0.04
可行 0.03 0.01 -0.01 0.02 -0.07
清貧 0.00 0.00 0.00 0.00 0.00
救贖 0.00 0.03 0.00 -0.06 0.07
亡故 -0.02 -0.04 -0.02 -0.06 0.05
